## RankNet
## Epochs = 100
## No. of features = 44
## No. of hidden layers = 1
## Layer 1: 10 neurons
1 2 3 4 5 6 7 8 9 10 11 12 13 14 15 16 17 18 19 20 21 22 23 24 25 26 27 28 29 30 31 32 33 34 35 36 37 38 39 40 41 42 43 44
1
10
0 0 7408332.015530533 -2711864.804851588 8751408.654230844 8561380.448314521 8514721.85065248 -2714738.1370601812 -2521306.9782249234 -2434512.56899899 -2758265.9822058273 8754718.800934048
0 1 1.861870981317419E7 -6737402.140030309 2.202154343922862E7 2.1539867698779684E7 2.142162379616001E7 -6745677.182233588 -6282010.663666441 -6069236.951856043 -6853050.669638017 2.204077598769315E7
0 2 3.648258073770964E7 -1.3538792802092241E7 4.312260802192137E7 4.218232082722606E7 4.195259501180688E7 -1.3553146582667666E7 -1.2630241486505102E7 -1.220974525464283E7 -1.3773327236881778E7 4.3147992343213074E7
0 3 1.0505875853802202E7 -3830384.7457392095 1.2437095136018984E7 1.2161147381396824E7 1.209363250077605E7 -3835953.5421209577 -3564275.454034661 -3438404.2454485437 -3896357.1001928793 1.2437051600797407E7
0 4 -1.3263662228531267E7 1548820.5553096137 -1.5715510563856015E7 -1.536528992938301E7 -1.5280917817643926E7 1551339.964256173 1441502.0944933407 1390491.7665068014 1575455.9477610781 -1.5722873695095882E7
0 5 -1.3012230069418311E7 1402275.711899866 -1.5405496495406352E7 -1.5065111015303975E7 -1.4982437699755086E7 1404234.9534520893 1306727.6986462006 1261404.094422811 1425890.955331878 -1.5416724845442291E7
0 6 -8084872.608120116 2214817.6403910588 -9600608.403723571 -9383397.69757905 -9330866.9934092 2218332.572002722 2057129.2442493348 1983392.745845484 2253451.766491901 -9607430.812666811
0 7 -5864408.244121434 -889009.7518287605 -6956726.51004493 -6797621.081367234 -6760650.784793227 -889431.8880979839 -830557.8563489236 -804659.3491348419 -904907.2401634537 -6957276.9909039
0 8 -1.2819231993602987E7 1352496.9409842736 -1.5164315329078956E7 -1.4829440276736913E7 -1.4749448474097082E7 1354327.299689232 1262268.6475184476 1220455.9735169979 1375626.83872221 -1.5174809442317609E7
0 9 7514635.09360325 -2439872.5679854495 8888908.280996991 8693818.811932055 8647886.406016443 -2442908.833113096 -2272580.1192788193 -2195083.577092153 -2482501.0899404427 8894884.174966246
0 10 9869153.610548375 -3106915.687435905 1.1673954915331675E7 1.1419045495048003E7 1.1358651434156539E7 -3110860.1152976956 -2893732.357380192 -2795043.2042437396 -3161275.1068842234 1.1684014975096408E7
0 11 2501162.449556087 -906782.7028092617 2959365.5406058985 2893785.3699142397 2878732.793147006 -907851.8933758151 -844909.3009044249 -816227.4477696008 -922675.1535229423 2961529.019782418
0 12 -281604.13726130116 72224.76497191793 -333770.7424841658 -326397.6218057173 -324736.214470751 72354.23812731025 67284.96715510779 65003.10651629547 73533.81637993226 -334030.5889859847
0 13 60406.837709542306 -43176.07638615996 70433.36904296509 68955.82552147414 68602.53585664222 -43207.97519873464 -40361.21288285353 -39056.36448830332 -43922.615696106026 70719.82393416206
0 14 376187.8637713914 -92873.57927986183 444270.76319878333 434636.44913681934 432320.2500115656 -93020.74362120208 -86426.99157896747 -83511.3910050969 -94415.74836454638 444608.3252811055
0 15 7026178.85902874 -2539081.527705793 8309881.386582207 8128181.839954368 8083582.522185316 -2542179.4706257475 -2367508.8959514676 -2287375.135980758 -2582674.1933377264 8316860.582205157
0 16 1.3886949536832491E7 -5733286.076283309 1.6485650755169261E7 1.6114199381940879E7 1.6025458651940705E7 -5741614.901841539 -5338815.556030411 -5156050.166077144 -5834389.4615948 1.6505603382078309E7
0 17 -1.5883527617218472E7 4153451.0908886287 -1.878274951474538E7 -1.8376587618235495E7 -1.8275071997468453E7 4157476.2624015897 3871092.239166297 3740957.8528655595 4225744.283142086 -1.879706274576223E7
0 18 -4717267.665559543 1007623.0661312385 -5569663.1686750185 -5451006.865513526 -5420256.578222667 1008373.9040860429 941147.5673454427 910454.698255589 1025006.6526919034 -5569852.406427436
0 19 -1.5886713593440473E7 4189929.129362612 -1.878870017567907E7 -1.838215937821564E7 -1.8280497896910474E7 4194000.8972582715 3905066.803734458 3773779.677991925 4262874.729065949 -1.880356006873775E7
0 20 -1.615752936668781E7 4243126.76129728 -1.91065242692285E7 -1.8693398234649174E7 -1.8590155895421196E7 4247238.9759362275 3954758.798804432 3821884.366554965 4316971.962099059 -1.912119267285492E7
0 21 1.4571500022497209E7 -4478100.091551107 1.7244230068840407E7 1.6863395534590743E7 1.677316936670543E7 -4483914.168760322 -4169665.1221582023 -4026928.6491372343 -4556934.193875914 1.7251901221492603E7
0 22 2.686291593258816E7 -8881042.82711792 3.1773269213261813E7 3.1075199767619222E7 3.091090335154713E7 -8892079.525714798 -8271291.696110985 -7988994.719178597 -9036255.022141024 3.179054422723879E7
0 23 -1841028.3865638862 -413088.9174537817 -2183846.757639787 -2134856.1279142955 -2121636.169656536 -413590.5043563015 -384457.8036202223 -371246.85886726686 -420970.29079720954 -2184649.0453773797
0 24 1133565.4672457657 -382963.4050096851 1341013.8042120866 1311542.0735717989 1304582.2669694317 -383442.0145729312 -356771.075592557 -344609.2345761657 -389676.21481823426 1341912.6029864117
0 25 3484849.757364325 -1157031.5524050996 4127117.9691608916 4036036.2247444494 4014583.9837090457 -1158500.5414249713 -1077287.0750940049 -1040117.3272219775 -1177483.0531503435 4128388.114410463
0 26 8198191.197136281 -2675854.938929312 9704280.165211307 9489792.650237763 9439410.193843216 -2679185.3203177173 -2492100.0946673765 -2406885.3540298888 -2722596.042483532 9710321.088966245
0 27 5160382.495810665 -1626746.9572193543 6104075.563093066 5970000.551105506 5938386.230706626 -1628843.2068887223 -1515073.0202532916 -1463330.71736761 -1655306.5138425552 6107374.796513377
0 28 2265618.29490575 -675784.9699857038 2678662.2056204528 2620107.859216522 2605701.239275724 -676611.1915687248 -630118.3915451218 -608959.6373386524 -687543.232649135 2680131.533188064
0 29 3643675.0947668157 -1218478.721737659 4296450.454681967 4202725.778224335 4180365.45871572 -1220039.0636743293 -1134861.2068677503 -1096136.3681934066 -1239972.703843687 4294499.298012178
0 30 -1.8251712024309255E7 4412107.4666026095 -2.1656938447624564E7 -2.1167925735105615E7 -2.1051837596641455E7 4419419.573892065 4111350.725915053 3969883.2095785295 4490070.470806433 -2.1678358559356276E7
0 31 -2329427.312227726 322540.2461598741 -2773280.127364767 -2708230.455621863 -2693254.451919114 323500.10213557637 298890.29947930126 287376.673437824 328102.1209122918 -2775381.199389084
0 32 -6043201.226046032 1220618.0558253352 -7179921.121030481 -7015372.972732905 -6976776.047932333 1223065.8910958455 1135751.9482484441 1095444.1973450847 1242049.486371108 -7186381.485784121
0 33 -826710.7978156859 268895.46641807153 -985128.4079206586 -961488.3903317784 -956221.9312786311 269445.94066499255 250198.36673438977 241052.1829602819 273658.9818377395 -985668.5273670255
0 34 -495304.0906225033 117633.26425515304 -588853.896684007 -575130.0877557505 -571970.1855718442 117864.90876992604 108888.78179715661 104804.13599634226 119631.12810323472 -588862.6756825418
0 35 -578104.748468379 144564.964979205 -687520.9948743003 -671429.6008400404 -667742.2628083203 144851.85760824534 133947.80412131027 128947.16005018521 147039.9969106288 -687584.0624490195
0 36 -8672137.33652636 2171492.9234039728 -1.0299759498314109E7 -1.0063599658412008E7 -1.0007869579968765E7 2175355.72589651 2019702.7335710789 1947893.5604513427 2209316.0223481464 -1.0305027378929382E7
0 37 -2093499.347001471 448698.02803406067 -2492175.3529885937 -2433241.168065482 -2419764.1032716143 449726.3374556106 414601.96477717796 398385.4534737287 456260.6980182428 -2491906.373369273
0 38 -3638313.6084640846 835527.5305970366 -4326926.0369127905 -4225923.67268731 -4202519.053471683 837243.9505010627 774392.0295785812 745383.5273365015 849828.1518575613 -4327595.643473114
0 39 -6956481.5551575115 555705.5126329109 -8241619.595733563 -8061674.456370812 -8018453.624985762 556743.3659179006 524144.2383167562 510545.6004617637 566855.7972793226 -8259604.3212026805
0 40 9738691.634108072 -5249062.9462817265 1.1571323188497942E7 1.1305403974666376E7 1.1241610095752886E7 -5257500.825103174 -4885899.35989634 -4715020.284221271 -5340684.545333299 1.1578208201151276E7
0 41 8426476.403316433 -4817240.941326885 1.0017525704505175E7 9785934.808086086 9730387.366832549 -4825160.065469963 -4483261.039725943 -4325980.440071726 -4901267.734800346 1.0022982482582929E7
0 42 5179566.03129461 -2178822.4817989236 6143780.343941342 6005880.6512351865 5972837.79843405 -2181982.7580052796 -2029784.270744231 -1960310.524061139 -2217191.2968200785 6150050.756762095
0 43 9704659.362078281 -4567002.057934346 1.1515396439854985E7 1.125706669564223E7 1.1195015936946684E7 -4573742.559333079 -4255654.526017753 -4110864.206549061 -4647710.519074601 1.1530540257172933E7
0 44 -6178041.518615855 -1133632.9843413562 -7329333.979000201 -7161555.455017933 -7122738.789297593 -1134268.1937784255 -1058387.6575935695 -1024710.9917863096 -1153784.7613774468 -7330255.8945808485 -1030.108401673814
1 0 -17649.692705201618
1 1 4319.497605455318
1 2 -19220.059992425202
1 3 -19001.732159519695
1 4 -18949.16028078406
1 5 4318.951984529594
1 6 4176.362087877014
1 7 4112.101200016204
1 8 4363.3155634175455
1 9 -19222.22792691868
