## ListNet
## Epochs = 1500
## No. of features = 44
1 2 3 4 5 6 7 8 9 10 11 12 13 14 15 16 17 18 19 20 21 22 23 24 25 26 27 28 29 30 31 32 33 34 35 36 37 38 39 40 41 42 43 44
0
0 0 -0.04809471753439382
0 1 -0.11472069374546594
0 2 -0.02519568116387607
0 3 -0.023394891545448736
0 4 0.05877593419616505
0 5 0.08199646370716396
0 6 0.04728708966677503
0 7 0.023575505317556943
0 8 0.06534208369558499
0 9 -0.01713314760336911
0 10 0.06795972244183432
0 11 0.017796617437917002
0 12 -0.01599865332445596
0 13 -0.005708171335237318
0 14 0.010925408691761968
0 15 -0.013300028509255418
0 16 -0.08461039536847063
0 17 -0.0685936830468025
0 18 -0.018881802097107044
0 19 -0.05169271609695096
0 20 0.012043367418595533
0 21 -0.08924189472687256
0 22 0.0062991341192558895
0 23 0.05998376326290344
0 24 0.0551034338411188
0 25 0.03380020550353494
0 26 -0.09018885236065946
0 27 -0.07848843510705447
0 28 -0.004443433611739215
0 29 -0.030368023200554047
0 30 0.14014930835452846
0 31 0.09161560586349098
0 32 0.07156995955108823
0 33 -0.03034179558943099
0 34 -0.03687145622023305
0 35 -0.037326334304406635
0 36 0.06941942330620639
0 37 0.08555488725306548
0 38 -0.03296625854221166
0 39 0.07355155711462358
0 40 -0.17180127510560042
0 41 0.005550526562484502
0 42 -0.04437006819223973
0 43 -0.09231276985394544
0 44 0.09216482937336065
