## RankNet
## Epochs = 100
## No. of features = 44
## No. of hidden layers = 1
## Layer 1: 10 neurons
1 2 3 4 5 6 7 8 9 10 11 12 13 14 15 16 17 18 19 20 21 22 23 24 25 26 27 28 29 30 31 32 33 34 35 36 37 38 39 40 41 42 43 44
1
10
0 0 -9.667636244825113E7 -1.596787865831019E9 -2.387084743715408E8 -1.5655535918429487E9 -1.566223070657416E9 -1.3971517458659616E8 -1.5585352868185115E9 -2.22061305017929E8 -1.536166532707021E9 -1.7217630298791778E8
0 1 -8.599204660027342E8 2.0658735982573013E10 -2.285930738307542E9 2.0225946526377235E10 2.023516872313799E10 -1.3006344757881057E9 2.0121950051296265E10 -2.1344005730577257E9 1.982918192802204E10 -1.6172489482792904E9
0 2 6.924232339146182E7 -1.9177470675551667E9 6.708125546515801E7 -1.8825376417927995E9 -1.883149415299815E9 7.217868611582804E7 -1.8745117981853757E9 7.050771669443697E7 -1.8511066820506425E9 5.883705722203156E7
0 3 -2.046305691120235E8 5.2363968024309845E9 -5.781191229815263E8 5.128331617722201E9 5.13056790098385E9 -3.192672758856168E8 5.10165760406022E9 -5.378836476687976E8 5.027154096718017E9 -4.0251442184350604E8
0 4 2.8900103876655854E7 -5.621830842143457E9 6.898222688352513E7 -5.504383077017013E9 -5.506962378657376E9 4.026975466776551E7 -5.475710501833864E9 6.468324183812291E7 -5.395630748591007E9 4.8164049579933316E7
0 5 6.831998111790872E7 -7.077018455372919E9 1.708307625080425E8 -6.929321453747278E9 -6.932459390440814E9 9.87581398942037E7 -6.893038176400291E9 1.5990052618561706E8 -6.792345687367014E9 1.2006715249093096E8
0 6 4.227292555136523E7 -1.6452446290226095E9 1.1832118072231723E8 -1.610944611905558E9 -1.6116688256533368E9 6.547288138808015E7 -1.6024502032939844E9 1.1008226043250617E8 -1.5790300902104244E9 8.262421365317349E7
0 7 -1.3642805233101316E7 -4.31941895014228E9 -5.6291681901702516E7 -4.2293605093212824E9 -4.2312814225278473E9 -2.7596002050508864E7 -4.2072967513219185E9 -5.164199770097971E7 -4.1459970663833437E9 -3.8644783242926456E7
0 8 6.638505943690329E7 -7.305272261716717E9 1.7749259989133286E8 -7.152198578143733E9 -7.155506386027855E9 9.892884196415463E7 -7.114250672485048E9 1.6471439134120283E8 -7.009970245980034E9 1.2367834814832656E8
0 9 -1.3393938301786752E8 3.767212283898954E9 -3.8675741828272384E8 3.687640369499943E9 3.689389595122178E9 -2.1051049333422822E8 3.667384310443064E9 -3.5870447514618707E8 3.6130910990464435E9 -2.687382901756171E8
0 10 -7.869274039348154E7 2.3323236864583325E9 -2.2962849353352156E8 2.2831553642055607E9 2.2842460929367294E9 -1.2443804430764863E8 2.270622829488527E9 -2.1283001692117605E8 2.2369762562187696E9 -1.5933761598016146E8
0 11 -962641.5454623536 3.1701697750355747E7 -2745039.391384176 3.103648435976024E7 3.1050192971001193E7 -1526619.0132462347 3.086758655118693E7 -2558074.5717402156 3.0410489101754528E7 -1912244.7152689663
0 12 -4255304.164687877 1.171116013815346E8 -1.2615273093320003E7 1.1468517455524202E8 1.1472744394085445E8 -7090508.791890837 1.1406733628344662E8 -1.1767351382506609E7 1.1239540679059088E8 -8868714.754894435
0 13 -1896587.9419554383 4.283042893265038E7 -4931102.919397088 4.196174436316164E7 4.197067771360873E7 -2937627.5253813355 4.174121973502029E7 -4639276.592534485 4.113652620958731E7 -3476804.280066488
0 14 -778893.7823110458 1.3060405878766697E7 -2090798.516972414 1.2785620482653143E7 1.2786368773842458E7 -1270771.6571902076 1.2720334618679278E7 -1979281.9614435416 1.2528074928369839E7 -1481575.187227584
0 15 -3.760463409750754E8 8.684563965758257E9 -9.875166644426554E8 8.503152851621122E9 8.506885665895783E9 -5.66007335346067E8 8.460411128406546E9 -9.23149813918525E8 8.337663813241232E9 -7.003182155418485E8
0 16 -3.0077635468696785E8 6.150586711442565E9 -8.111206939102359E8 6.021608596323492E9 6.024345435844257E9 -4.584900701328925E8 5.990254711627123E9 -7.565907023181176E8 5.902943383008885E9 -5.722702193130691E8
0 17 -4.540825425815781E7 1.0834652374524635E8 -1.101709356956272E8 1.0499687688978085E8 1.0516925819379523E8 -6.5330323061442845E7 1.0448937789967674E8 -1.0289139152906106E8 1.030183096699354E8 -8.097028351439E7
0 18 6421713.234337812 -6.156240440467427E8 2.077161801535138E7 -6.031120741092902E8 -6.033298467432532E8 1.0897233752683936E7 -5.99941485750284E8 1.9487238902975623E7 -5.911870827609651E8 1.3465629753256097E7
0 19 -4.779888994254653E7 2.0920479563204908E8 -1.1637920128083904E8 2.0383215394637057E8 2.0403361234165606E8 -6.891728606826621E7 2.028255156599883E8 -1.0870332616525303E8 1.999470668865262E8 -8.530509951085865E7
0 20 -4.5216231892285526E7 1.0803623556719747E8 -1.0965978049470271E8 1.0469544873893183E8 1.0486736358022597E8 -6.503817357443441E7 1.0418889658962326E8 -1.0241553485856341E8 1.0272188120827377E8 -8.060127798285097E7
0 21 -1.394412044032689E8 3.9104547317968206E9 -3.980453306169532E8 3.827934446893461E9 3.8297974777990055E9 -2.179282238268166E8 3.8066991973361154E9 -3.6948356090103984E8 3.7499267628191576E9 -2.772940410890048E8
0 22 -2.597402172873924E8 6.958257696538052E9 -7.53159261145755E8 6.811557786621093E9 6.814747962325887E9 -4.0930668470721215E8 6.774350884833313E9 -6.982268179806347E8 6.674179975770142E9 -5.23352537452002E8
0 23 -7.875941839210084E7 8.687663485054767E8 -2.2965188611854175E8 8.496730612407931E8 8.501873736138592E8 -1.2407374150504388E8 8.445955653600365E8 -2.1232576958823857E8 8.318765274058155E8 -1.6020441332703954E8
0 24 -1.213657848473426E7 3.3735624025952214E8 -3.528188329093662E7 3.302287935264268E8 3.303800007540058E8 -1.9141631250940286E7 3.2840774050216573E8 -3.2695277869363755E7 3.235135385264605E8 -2.440999787622685E7
0 25 1.9134059809669856E7 -6.587415661196415E8 4.946268354729039E7 -6.456126311846067E8 -6.459258106915573E8 2.879137143633579E7 -6.423991012797276E8 4.693498767915688E7 -6.330292049316492E8 3.503873332748799E7
0 26 -1.0678871302556911E7 3.43469274648656E8 -3.174063782395267E7 3.361278270387437E8 3.3628524483338034E8 -1.691829334603997E7 3.3428273736384875E8 -2.92045199110443E7 3.2926119240781844E8 -2.1917938811364766E7
0 27 -1.459300375808295E7 4.089077504688558E8 -4.2074319960852824E7 4.002581697355388E8 4.0033016588354194E8 -2.2902716658330254E7 3.9771987198141533E8 -3.889163117831712E7 3.91890054670187E8 -2.9285271295558795E7
0 28 -1.1543581847855737E7 3.385724483560355E8 -3.4187998784741886E7 3.313856294804051E8 3.315921538511602E8 -1.8603996434406947E7 3.2956629719404775E8 -3.1698350476009924E7 3.2460246136501116E8 -2.3782609096240737E7
0 29 -1.1159288103890365E7 3.163181556712531E8 -3.3428399773294773E7 3.0967654058298564E8 3.098119489908689E8 -1.7893544969566446E7 3.079720737118056E8 -3.0842343023238268E7 3.0335607726272243E8 -2.2956953361723218E7
0 30 1.5198829780575728E8 -5.798787370668364E9 3.807413437790043E8 -5.67766784303764E9 -5.680181528505537E9 2.2293707281598917E8 -5.648417693804794E9 3.5728561231990737E8 -5.566408981201118E9 2.711805748639878E8
0 31 1.8337571408416104E8 -6.62892594120992E9 4.765791666008347E8 -6.48961037694331E9 -6.492592920376792E9 2.735803047862984E8 -6.45572560286921E9 4.453761395974675E8 -6.36152003368895E9 3.38071197240296E8
0 32 1.7175090104293665E8 -6.321471347812286E9 4.410841521234864E8 -6.188894965711225E9 -6.191703860479197E9 2.5482380355050153E8 -6.156726696292699E9 4.127504557147208E8 -6.067038420742308E9 3.1329722464751947E8
0 33 1.0797467499116557E7 -7.480907459276775E8 2.6052116583768744E7 -7.3220068170975E8 -7.325780245622988E8 1.5211659796073014E7 -7.282704231981627E8 2.4246995591807768E7 -7.175729422689886E8 1.8630600585010476E7
0 34 1.343974794282623E7 -5.793640020981891E8 3.74376494647312E7 -5.669714003753606E8 -5.672590089938345E8 2.0542265158232614E7 -5.638864954260682E8 3.462587188817858E7 -5.555255001387793E8 2.6235180378696963E7
0 35 1.6032235108377688E7 -7.592337706284285E8 4.368920834280845E7 -7.430206488728718E8 -7.433989882618763E8 2.419345332016343E7 -7.389907881416806E8 4.044442351615186E7 -7.280577616575655E8 3.0706231032392446E7
0 36 4.821528087841774E7 -2.613810905914654E9 1.2180974091819686E8 -2.558290351795988E9 -2.5595356703705897E9 7.035273636157885E7 -2.544641368293278E9 1.1378012522635987E8 -2.507290742157693E9 8.68651092033887E7
0 37 7.74416772041777E7 -3.308671042607411E9 2.1112025153088483E8 -3.2381028587517705E9 -3.2397160261949124E9 1.1763728437782966E8 -3.2206205540627623E9 1.959613761609802E8 -3.1731175568098054E9 1.488530567985072E8
0 38 7.214583755592947E7 -3.284235442650054E9 1.931719805677176E8 -3.214271324375354E9 -3.2158619864255686E9 1.0854008352886602E8 -3.1969771066434093E9 1.7956296582367796E8 -3.149889137806086E9 1.3655610648101297E8
0 39 1.442297383574149E8 -6.516132243951796E9 3.419184225047719E8 -6.382478025785278E9 -6.385088131338909E9 2.070454471851452E8 -6.350860753126766E9 3.236163922057951E8 -6.259704186913664E9 2.4413732332447082E8
0 40 -2.6442894984483835E8 3.822713155070234E9 -7.259607685424734E8 3.7411789309881043E9 3.74294996452456E9 -4.0669954089126956E8 3.7212708958624167E9 -6.760083625340368E8 3.666440527287653E9 -5.117505880804291E8
0 41 -2.7783128752196497E8 4.2642146116096606E9 -7.63154399894103E8 4.1732320219250793E9 4.175221786386953E9 -4.2726419475385237E8 4.1509690896854897E9 -7.104900294373587E8 4.089794071850553E9 -5.379911384270593E8
0 42 -2.863934558842719E8 5.550838984492377E9 -7.704767714429196E8 5.434222812172896E9 5.436587478662466E9 -4.363033425150487E8 5.405952602726356E9 -7.191302798732264E8 5.326866605538282E9 -5.43358379663708E8
0 43 -2.694654914137844E8 4.84386791865097E9 -7.272161742379688E8 4.7420667979149275E9 4.744113625579994E9 -4.1130345913686913E8 4.717441360021666E9 -6.787084953493915E8 4.648381277610443E9 -5.125365820580338E8
0 44 -3594881.0545324353 -5.286840201803508E9 -2.6944884220770348E7 -5.1762773219323E9 -5.178652061336129E9 -1.201812221580179E7 -5.149092523790456E9 -2.4627937149851583E7 -5.073877053182727E9 -1.8492191735612832E7 -54.24739644550811
1 0 10245.05888186514
1 1 -442375.75723459036
1 2 31741.987363054617
1 3 -437677.08011126134
1 4 -437780.51121903106
1 5 20530.72067225507
1 6 -436534.850273043
1 7 30748.859660552727
1 8 -433316.19690454594
1 9 25861.860444655347
