## ListNet
## Epochs = 1500
## No. of features = 44
1 2 3 4 5 6 7 8 9 10 11 12 13 14 15 16 17 18 19 20 21 22 23 24 25 26 27 28 29 30 31 32 33 34 35 36 37 38 39 40 41 42 43 44
0
0 0 -0.11878772077104043
0 1 -0.24219476319270003
0 2 0.17618391325176994
0 3 0.003422419030700894
0 4 0.007360636498592996
0 5 -0.03867314609569982
0 6 -0.026719945727283458
0 7 -0.0952654561531013
0 8 0.07002757035244386
0 9 0.05078601647994028
0 10 -0.07300487744115551
0 11 -0.03661480473724781
0 12 -0.04448340306055136
0 13 -0.08911531908936002
0 14 -0.09656287712209355
0 15 -0.057328866324293126
0 16 -0.1531965305070828
0 17 -0.007953804948392144
0 18 -0.07941940343671393
0 19 0.045421458898500945
0 20 -0.1142627088873782
0 21 -0.10888173637992046
0 22 0.009000176095160605
0 23 -0.10381678589303196
0 24 -0.06341983364230819
0 25 -0.01718676725502325
0 26 0.06485201895845841
0 27 -0.0014702285805236878
0 28 0.06496832880940855
0 29 -0.10032563856803421
0 30 0.09148065268658773
0 31 -0.0061666952939048595
0 32 0.010881744311372428
0 33 0.09495577480890502
0 34 -0.03329724652787115
0 35 0.09500784789371264
0 36 0.07506855823988923
0 37 0.11932781225223031
0 38 0.09299517029424899
0 39 0.007576312570919891
0 40 -0.010102234197004154
0 41 -0.16579702554012837
0 42 -0.1066416781949271
0 43 0.010244602627509607
0 44 0.021028321236392703
