## RankNet
## Epochs = 100
## No. of features = 44
## No. of hidden layers = 1
## Layer 1: 10 neurons
1 2 3 4 5 6 7 8 9 10 11 12 13 14 15 16 17 18 19 20 21 22 23 24 25 26 27 28 29 30 31 32 33 34 35 36 37 38 39 40 41 42 43 44
1
10
0 0 3.7813921573477707E9 -3.508115862642919E9 3.8500298194296002E9 3.8267169158130007E9 3.7785834826797147E9 -3.1671715324250298E9 3.4388977610008054E9 3.875008753386701E9 -2.468226413713648E9 -3.526151185923533E9
0 1 1.0359733354642336E10 -6.409797399054859E9 1.0542994507313019E10 1.0478550580198536E10 1.0348892649016514E10 -5.773187456261392E9 9.432748528908031E9 1.060341680702493E10 -4.464293276287924E9 -6.428702090611982E9
0 2 -2.242205695818566E7 -2.4052353188519006E9 -2.0209542451970115E7 -2.280797710464354E7 -2.4381153644805223E7 -2.158299163335194E9 -2.2053841815486476E7 -2.047805404075724E7 -1.6285053323320143E9 -2.414788406054072E9
0 3 1.6955058992385042E9 -1.038979825903306E9 1.7267808633329046E9 1.7159175876876965E9 1.6944290561965895E9 -9.39233671142046E8 1.546429874304803E9 1.737940103185143E9 -7.332300672744402E8 -1.0451666415886883E9
0 4 -7.178626139326255E9 2.8238145860262218E9 -7.309097545450796E9 -7.264331397161467E9 -7.171913653876831E9 2.535313513514031E9 -6.525218339766509E9 -7.356175846418124E9 1.9733114820656362E9 2.835051651006181E9
0 5 -1.1225175209983488E10 5.50883811984886E9 -1.1426686507074284E10 -1.135452676513118E10 -1.1211153278400074E10 4.964557044946165E9 -1.021896812593213E10 -1.149512366624972E10 3.8612196707621346E9 5.533035600413536E9
0 6 -1.2807436149202595E9 6.457866040170805E8 -1.3034785957939022E9 -1.2955898958784947E9 -1.2794142539191377E9 5.819290006485369E8 -1.1660604259199812E9 -1.3114276557802827E9 4.4904199141087544E8 6.486907688885595E8
0 7 -8.306133961566442E8 -6.212637490622057E8 -8.442206592314434E8 -8.40181712608475E8 -8.302634539731739E8 -5.578997014063262E8 -7.568890061160682E8 -8.489509031581634E8 -4.147711346808281E8 -6.243981207731316E8
0 8 -6.740225440451437E9 2.583729013421789E9 -6.8623255771141815E9 -6.819172360171066E9 -6.731919781697715E9 2.321080564014079E9 -6.128000803593737E9 -6.903782738369082E9 1.8006764744743638E9 2.5936032316515408E9
0 9 2.5389673263665504E9 -1.4325184318430545E9 2.5865009432510204E9 2.569580883339414E9 2.5359431790298734E9 -1.2850624058899517E9 2.3037438083920264E9 2.603224962492845E9 -9.877226335099839E8 -1.438322564861826E9
0 10 1.0398533304443649E9 -5.716233331650394E8 1.0594470325980635E9 1.0524243035538744E9 1.0385946824645536E9 -5.127197095049196E8 9.43062752769335E8 1.0663199454310623E9 -3.9364980214424556E8 -5.740459392044984E8
0 11 1.1564889388879608E7 -6644401.570218035 1.1788152896962712E7 1.170603183270574E7 1.1550787161955379E7 -5961133.148434815 1.0484524640491389E7 1.1867072973966314E7 -4630772.524105179 -6672957.810045739
0 12 -165680.12315224312 -1743045.2864750142 -159050.99235721686 -162360.37340259852 -162075.507744792 -1615837.5000527548 -122410.79747837943 -159319.5097498769 -1378691.8560369266 -1755607.1040552838
0 13 3.9370918166083075E7 -2.2740455407680407E7 4.011028037332885E7 3.983647268952336E7 3.931032686484421E7 -2.0405587524984773E7 3.5703545618202865E7 4.035938329683852E7 -1.5755778793356573E7 -2.283520392440609E7
0 14 -5.487204129201876E7 2.8626353541315652E7 -5.589168015037835E7 -5.5521805456082776E7 -5.478831753060394E7 2.5584854049281616E7 -4.968449469775166E7 -5.624105694957136E7 1.954282128075469E7 2.8723517983134482E7
0 15 4.503472164296261E9 -2.7129397549557705E9 4.584427584384552E9 4.555866501203832E9 4.498545824546675E9 -2.440376432302964E9 4.095514510971412E9 4.611619303613029E9 -1.883871971007273E9 -2.7216608620039096E9
0 16 -1.9135875642418368E9 3.751395148856384E8 -1.9529373758245287E9 -1.9365253479755971E9 -1.909348287141327E9 3.3089468831638026E8 -1.7374210923139358E9 -1.9655588274296768E9 2.4749477303414518E8 3.8179332046545666E8
0 17 -5.326129161750779E9 2.730417095428264E9 -5.421082524350021E9 -5.386797251328234E9 -5.319535956436414E9 2.4616012165889115E9 -4.852378304445632E9 -5.453523266159996E9 1.9003511994287286E9 2.7430265493105526E9
0 18 -1.6061120586924362E9 8.329769101658273E8 -1.6347234361260254E9 -1.6242005512394226E9 -1.60372601705233E9 7.48407247294115E8 -1.4608551247242696E9 -1.644058580503164E9 5.732581766787686E8 8.357424293824074E8
0 19 -5.267581906746836E9 2.700997359383545E9 -5.361553100103528E9 -5.327652908725528E9 -5.261098362270329E9 2.434979293842246E9 -4.798859818283001E9 -5.393667856820569E9 1.8798775825158734E9 2.713486310481817E9
0 20 -5.291123508372572E9 2.7134520636841316E9 -5.385463009306725E9 -5.351399939538268E9 -5.284568252578161E9 2.4462242295597644E9 -4.820410622441543E9 -5.417687085325668E9 1.8883038883596578E9 2.725956836223195E9
0 21 4.2142926320167774E8 -2.231341328353726E8 4.302505514028695E8 4.271388749965328E8 4.2090922005853194E8 -1.9833845068968296E8 3.7879971165475273E8 4.3336680543543005E8 -1.4741890799271613E8 -2.2345656484184405E8
0 22 3.2012800231547465E9 -1.8653906179801178E9 3.261384816321174E9 3.239929462065117E9 3.197350766516557E9 -1.6733441656485019E9 2.9040345916864114E9 3.282395893992718E9 -1.2836571976414285E9 -1.8730193253064644E9
0 23 3.2923898814460176E8 -3.9194308676788455E8 3.3591915584300476E8 3.334949134344499E8 3.287814833145595E8 -3.503383605359866E8 2.9691736927113575E8 3.3838037999114674E8 -2.6592286913897902E8 -3.931559630886993E8
0 24 4.1160548706960726E8 -2.3340240139229813E8 4.1936422291428685E8 4.166118070239213E8 4.1115328904432356E8 -2.092488975579251E8 3.732481609134031E8 4.221108187127769E8 -1.6105613729327434E8 -2.3432160307942414E8
0 25 5.076641750419761E8 -3.072969009948696E8 5.1747523365158224E8 5.1398520176544535E8 5.071843062650175E8 -2.769773833174273E8 4.608322526891235E8 5.208768435634659E8 -2.1397805104507437E8 -3.0902045890528834E8
0 26 1.6547185973831756E9 -1.0242222789213729E9 1.6846023011699443E9 1.6739348547719398E9 1.6525175730712442E9 -9.203568148574553E8 1.5052774258772137E9 1.6946925440492089E9 -7.156817777399217E8 -1.0273904932900217E9
0 27 1.34873430942534E9 -7.717486446592114E8 1.3745020955515108E9 1.3654605404065256E9 1.3470680176138043E9 -6.920347643600749E8 1.2236202376740925E9 1.3835462958960822E9 -5.340645576571236E8 -7.751058313397262E8
0 28 5.756887831166095E8 -3.2297175628358024E8 5.866059800032564E8 5.827085106250108E8 5.74897081929556E8 -2.908282123446058E8 5.230583577949507E8 5.903075894950994E8 -2.2177010753408656E8 -3.243451461710663E8
0 29 4.3334575105410373E8 -2.370902807842889E8 4.41934611834911E8 4.388702870987942E8 4.3285686381799257E8 -2.1206874710728702E8 3.9209816208760643E8 4.449978367147207E8 -1.619373240557347E8 -2.3831441308079243E8
0 30 9.84582941105336E8 -9.242238258180965E8 1.0056399330617142E9 9.983469712059238E8 9.842914804079179E8 -8.370057128888873E8 8.890839807293514E8 1.0139127858017043E9 -6.567323710161712E8 -9.339591346091603E8
0 31 -7.461178995865463E8 -3.8416771643995744E8 -7.610132686221243E8 -7.531543565719928E8 -7.426938453042774E8 -3.538389150142903E8 -6.846940298245698E8 -7.643398433504794E8 -2.911626589998449E8 -3.850532226591383E8
0 32 2.1136797942713417E7 -6.51299466258474E8 2.220696667873579E7 2.3408344720019087E7 2.299554193676029E7 -5.932865413483686E8 1.2713910536256243E7 2.409784650614256E7 -4.7338461992315197E8 -6.56319416110396E8
0 33 -5.3250737945794255E8 1.40542250623036E8 -5.411665921575857E8 -5.380589060373462E8 -5.315775711340007E8 1.2532280677301721E8 -4.854083669415026E8 -5.437750447685091E8 9.025026106870146E7 1.392874826037948E8
0 34 -5.0493756499229276E8 -6.2391887926173024E7 -5.135790558034508E8 -5.098977856435031E8 -5.03723623170531E8 -5.9321339788128234E7 -4.624455218850987E8 -5.160543453611382E8 -4.702798636653262E7 -6.441818736085563E7
0 35 -7.576064321765697E8 5.1379138041432455E7 -7.702530001012614E8 -7.652739207136148E8 -7.56031268638576E8 4.3016343978520334E7 -6.922445797416887E8 -7.739655178764307E8 2.7706482848006368E7 4.895876877112612E7
0 36 7.173465676707193E8 -7.278314587604936E8 7.334949822373036E8 7.275961332783829E8 7.170099621941389E8 -6.593000580766892E8 6.474716971735731E8 7.398300416120111E8 -5.168304694576331E8 -7.364941516763475E8
0 37 -8.52339659028098E8 -2.749357161695891E8 -8.678624685236948E8 -8.610340695384021E8 -8.499723402560048E8 -2.5376778320421132E8 -7.79648711120282E8 -8.721322929847009E8 -2.0602656320269084E8 -2.77021289557674E8
0 38 -1.2878872239547579E8 -4.940298462114939E8 -1.2967938375328399E8 -1.2871927894588415E8 -1.2764995199557254E8 -4.500996607116615E8 -1.2190751980425252E8 -1.2903133407566045E8 -3.567260496250175E8 -4.992593595781913E8
0 39 -2.8871608000533235E8 -2.79090421418558E8 -2.914507554017245E8 -2.9115676862333256E8 -2.885300103788082E8 -2.4926454595367584E8 -2.6642502364300784E8 -2.920140344039552E8 -1.8640769921615747E8 -2.820478019804322E8
0 40 -7.297248765165658E8 -7.817059369077384E8 -7.447362847976745E8 -7.395905244833089E8 -7.299520324319847E8 -7.036738704549122E8 -6.611460379975641E8 -7.508791693812282E8 -5.219599475294135E8 -7.824628286606487E8
0 41 -7.685419086849767E8 -7.492231959903942E8 -7.841801073306699E8 -7.788838102356241E8 -7.687925928623327E8 -6.73882676023019E8 -6.9650125550738E8 -7.905801763696715E8 -4.9800019490170366E8 -7.497065382625706E8
0 42 3.6788630102667645E7 -5.828898096866385E8 3.7833747294570595E7 3.775461366039983E7 3.69408564539484E7 -5.286715598679256E8 3.151199994332275E7 3.827795717727964E7 -4.0921661785209596E8 -5.870478418102971E8
0 43 -1.0553540099201674E9 -3.81061243791118E8 -1.0767229307462943E9 -1.0687656386749234E9 -1.0546198903359283E9 -3.467446441282619E8 -9.572588188625393E8 -1.0850413755257983E9 -2.5863149979057926E8 -3.8074739476997197E8
0 44 -9.429151460168275E8 -7.951895650846707E8 -9.586125533099481E8 -9.539102713970385E8 -9.426079778612958E8 -7.144295072753594E8 -8.589267007310499E8 -9.641894167518067E8 -5.3148558029704505E8 -7.988863613431154E8 -25812.85651631837
1 0 -256210.982017291
1 1 117131.36575535852
1 2 -258335.7921605279
1 3 -257618.53539398225
1 4 -256133.06061406847
1 5 110952.63591075783
1 6 -244445.89775346764
1 7 -259122.1136515903
1 8 93637.87109455605
1 9 117446.05162315127
