## ListNet
## Epochs = 1500
## No. of features = 44
1 2 3 4 5 6 7 8 9 10 11 12 13 14 15 16 17 18 19 20 21 22 23 24 25 26 27 28 29 30 31 32 33 34 35 36 37 38 39 40 41 42 43 44
0
0 0 -0.07491728851806011
0 1 -0.21071994603756225
0 2 -0.014356494223619924
0 3 0.013078532524414202
0 4 -0.03193822021700927
0 5 0.16159076508353148
0 6 -0.05443855210278859
0 7 -0.05256894259282878
0 8 0.13940540276929575
0 9 0.05603502189210514
0 10 -0.049240406073004735
0 11 -0.04137354326901579
0 12 -0.011092298768950645
0 13 0.005077158862291274
0 14 -0.007052831667785533
0 15 0.005041213300797184
0 16 0.06357196773104737
0 17 0.07741251724323601
0 18 0.018517978830327877
0 19 0.12361236654539294
0 20 -0.029949074041221328
0 21 -0.005304574044877713
0 22 0.059830631246190806
0 23 -0.10295215698140388
0 24 -0.09551908020161114
0 25 -0.0724697835116851
0 26 -0.06536072464859896
0 27 -0.06654131116818993
0 28 0.0787112972427468
0 29 -0.013742858297011402
0 30 0.021771582676084974
0 31 -0.011515133007607127
0 32 -0.0598356932542972
0 33 -0.0882520855087876
0 34 0.021914064234371186
0 35 -0.0697682821743951
0 36 0.038800841585503815
0 37 0.01838314488535319
0 38 0.008895473981601221
0 39 0.051152962049895445
0 40 -0.06445545796487635
0 41 -0.08850686864021028
0 42 0.06596453920149421
0 43 0.014461847233603754
0 44 0.0321532301604547
