## ListNet
## Epochs = 1500
## No. of features = 44
1 2 3 4 5 6 7 8 9 10 11 12 13 14 15 16 17 18 19 20 21 22 23 24 25 26 27 28 29 30 31 32 33 34 35 36 37 38 39 40 41 42 43 44
0
0 0 -0.034514178285283734
0 1 0.030301636256508887
0 2 0.07914189249283554
0 3 -0.13002574872731995
0 4 0.061227843929682134
0 5 0.05480856856683992
0 6 0.10875664941482284
0 7 -0.016363080326047486
0 8 0.06350493898336555
0 9 -0.07233028538764028
0 10 -0.06452348798355874
0 11 -0.091555445175119
0 12 -0.0256596966560745
0 13 -0.029569966270761607
0 14 0.06322266187893694
0 15 -0.046164769961088134
0 16 0.06282727194840633
0 17 0.012773386320359362
0 18 -0.03306313813950368
0 19 -0.06244113655421111
0 20 -0.029090077029627785
0 21 0.015993877512877078
0 22 -0.05937937578527926
0 23 0.0247462661080044
0 24 0.03871998187819496
0 25 -0.0880585568675761
0 26 -0.13862672879254553
0 27 -0.08313016953151137
0 28 -0.07032377856731209
0 29 0.07676774767914928
0 30 0.007541355309503057
0 31 0.015309914726580616
0 32 -0.1249994461588401
0 33 0.03071669808026776
0 34 0.06155664030819437
0 35 -0.09217763898176835
0 36 0.028510990987989607
0 37 -0.11872661182257603
0 38 -0.09663398581546749
0 39 -0.029656576869698508
0 40 -0.03872778977501129
0 41 -0.02644210456722752
0 42 -0.019778389799129773
0 43 0.03262658872025329
0 44 -0.007567560765859512
