## RankNet
## Epochs = 100
## No. of features = 44
## No. of hidden layers = 1
## Layer 1: 10 neurons
1 2 3 4 5 6 7 8 9 10 11 12 13 14 15 16 17 18 19 20 21 22 23 24 25 26 27 28 29 30 31 32 33 34 35 36 37 38 39 40 41 42 43 44
1
10
0 0 4.710981477771053E7 4.529743202384307E7 -3.493171011677531E7 3.9362720653441325E7 4.569874212683243E7 3.700633915510683E7 -2.065204625259901E7 3.887647354855633E7 -3361.317178901558 2.6209786103798993E7
0 1 4.882140828279084E7 4.632574691087686E7 -3.491528199996338E7 4.0405154486405544E7 4.7318978234360725E7 3.7787318325085856E7 -1.739773608632768E7 3.9791723302099705E7 -3810.60445953435 2.6303250908948388E7
0 2 -4.227445333753694E7 -3.98832896456864E7 -3.548373272514255E7 -3.499216564149943E7 -4.092654514275216E7 -3.2787470424916666E7 -1.0755545282806896E7 -3.443327131974116E7 -5699.4561342085835 -2.285374629444264E7
0 3 4.051428850263395E8 3.8359183581072307E8 -3.077849009806499E8 3.363315654058142E8 3.928241291291967E8 3.1503772688395214E8 -1.3185344169704169E8 3.3109259884934294E8 -28717.07845951384 2.2094946323945743E8
0 4 -6.911063313469842E7 -6.522995504854799E7 2.1666530445315693E7 -5.683289934352468E7 -6.69138750688616E7 -5.311750748948639E7 1.1030372153335517E7 -5.59738517004107E7 2182.369560882911 -3.6815356071952805E7
0 5 -4.8565751072438024E7 -4.5882430428895794E7 4134175.0763315554 -3.9970414916821055E7 -4.701602663585162E7 -3.740113881833666E7 5277057.737236715 -3.938810289427056E7 230.33286226347346 -2.598793747218201E7
0 6 367580.09667262406 574563.8854286077 -3930569.661097619 778878.5731965869 454479.4818986452 764296.925059627 1478731.2012555238 709794.1561314806 6141.433487815793 832640.4883684132
0 7 -1.789516030791522E7 -1.6910450353939563E7 -1.5695732175922701E7 -1.484342558233452E7 -1.732958107926701E7 -1.3918947275277346E7 -4609056.360068486 -1.461020472058965E7 -2534.9316429406667 -9738013.816861004
0 8 -1.2774432614783245E8 -1.2090648892388982E8 6.3779039969979614E7 -1.0511017654927588E8 -1.2371900725224505E8 -9.827108651299451E7 3.212724865298667E7 -1.0355996854131138E8 7312.252287680994 -6.834497504946128E7
0 9 8.20986198877483E7 7.779651199320552E7 -6.026708261135648E7 6.73964231865037E7 7.945871479841754E7 6.2959858162471056E7 -2.6597046770343956E7 6.63929642609498E7 -7138.881637828432 4.356559651902882E7
0 10 7.001877942345294E7 6.6292898265671775E7 -5.12777626769997E7 5.7565760980855614E7 6.779141777811632E7 5.3775473777717814E7 -2.3453832552533522E7 5.669147537546502E7 -5983.723204167838 3.7258216678839885E7
0 11 2719430.0546300197 2586147.208089219 -2111007.7402788303 2248013.101700305 2634185.4645333705 2101680.6105449763 -909464.088871455 2212070.3429634487 -237.7837605226743 1465376.7617644167
0 12 5635328.372468629 5340904.742721656 -4285681.965534031 4623360.0168254115 5453929.596879555 4318290.413912792 -1852570.8307160537 4553298.381443847 -555.078783901542 2989023.9817309706
0 13 2331025.3912848034 2209937.017888481 -1917200.2513722866 1919660.2216946913 2257588.243041868 1794027.1122553393 -839396.6818331712 1890034.6254437007 -215.03576142358278 1246802.5514542768
0 14 1668699.984289192 1584386.359980458 -1241728.8209643243 1366896.4434205971 1614019.7753944374 1275901.373705529 -539286.3736161904 1345606.3625089184 -193.40904294053365 881605.081681636
0 15 1.5894229271687916E7 1.507492347855332E7 -1.1398850978068186E7 1.3150251181562467E7 1.5404919025246177E7 1.2296194633875847E7 -5609094.179911161 1.2947665390776219E7 -1236.268450502232 8557243.72446954
0 16 4.2928125090844035E7 3.983026194523656E7 -4.345784376370073E7 3.4089687650949694E7 4.134506533851694E7 3.1497981771638744E7 -1.3805206138315838E7 3.3484818133600738E7 -12393.10074550481 2.0680860352387987E7
0 17 7465200.526103555 6775633.143288122 -1.4850650599330343E7 6076791.889859816 7217473.558993353 5604178.8883042885 311692.20865302195 5901859.856109044 -1338.4209965720927 3673983.529398253
0 18 -6.504746561200834E7 -6.220961759155469E7 4.053581407537625E7 -5.29043112919261E7 -6.2866467494161546E7 -4.9265289445633404E7 2.4235962896040726E7 -5.220510142979881E7 3234.5524989692058 -3.373786351267642E7
0 19 7246870.690764389 6595707.248542282 -1.4703981767554494E7 5881243.302204528 7001576.7621375695 5417068.493816735 268645.5426541898 5712604.397954918 -1310.0184756289377 3528619.888866308
0 20 7105464.166289667 6435481.501022541 -1.455259538704792E7 5783844.951518671 6869832.977083693 5331676.857795001 427986.98932959366 5613825.693208127 -1292.9668364692857 3489166.070585572
0 21 1.3803621825658917E8 1.3063627228886147E8 -1.022002375594656E8 1.1300773976818772E8 1.3353041258723049E8 1.0552306654337615E8 -4.5392181709734984E7 1.1133201819034159E8 -13927.013547509501 7.279113554439318E7
0 22 5.754955179195654E7 5.452234451893995E7 -4.218271533799376E7 4.7195731965902075E7 5.568873425609751E7 4.407876133193665E7 -1.8500693212616228E7 4.649299045141178E7 -5332.97636392023 3.0463662917266294E7
0 23 2.7955159425704412E7 2.6310135607093763E7 -2.829801833158126E7 2.26145387680149E7 2.7005148625243463E7 2.1029783118706137E7 -9871544.147885516 2.2261995880438387E7 -4160.607518929488 1.4311725600294264E7
0 24 1.687256325966683E7 1.6014759204975355E7 -1.2270851182087328E7 1.3860740407294815E7 1.6329816515696269E7 1.2952252264318E7 -5645747.678487724 1.3656709391720545E7 -1555.5243337900367 8972749.460054904
0 25 1.802948176357715E7 1.737278677621744E7 -1.919880676547458E7 1.4229793797369946E7 1.736979630523538E7 1.3199384556503667E7 -9132889.083149131 1.4137026437493337E7 -1960.8983953601567 8988920.70437041
0 26 8.61506456681443E7 8.168606442634656E7 -6.3527715401776955E7 7.048247851268892E7 8.3333026137685E7 6.5890200113849826E7 -3.0379922119933058E7 6.954158028039216E7 -8482.005351613321 4.561264720527006E7
0 27 3.1621968109217E7 2.9955177527415574E7 -2.316549425749578E7 2.5889038757606663E7 3.0594089907497134E7 2.416598512566896E7 -1.0766975743625876E7 2.5503860065092888E7 -3230.4839828777885 1.6684228329374742E7
0 28 2.795851527320905E7 2.647750100434541E7 -2.0761831054708544E7 2.2925512317360435E7 2.708062267954266E7 2.139681416336076E7 -9217940.744550437 2.2586705690963507E7 -3054.7306454010554 1.4758648910119794E7
0 29 2.3732536016282056E7 2.2570182466083653E7 -1.7250999293604657E7 1.9235451117750198E7 2.2918172257134814E7 1.7916753462184735E7 -8184555.850580786 1.8980416432724386E7 -2831.049062484436 1.2241883456638651E7
0 30 -2.0761122112166625E7 -1.9419208661740772E7 1806499.9456311872 -1.771639546122911E7 -2.0285232514264505E7 -1.6615279829479884E7 -5980658.388987572 -1.735969692711115E7 -19648.480658806926 -1.213185609444019E7
0 31 -2.197307276366704E7 -2.1593973733217824E7 -605477.5363527936 -1.8365727206439354E7 -2.1330081506797638E7 -1.7235972279412888E7 1426987.2369797127 -1.8193918858560167E7 -17378.304526949596 -1.2404004224959338E7
0 32 -2.226200088823125E7 -2.1444789187474854E7 433837.4188117245 -1.876733532809684E7 -2.166851379333002E7 -1.760789871147577E7 -1781136.1913618566 -1.8507689518807575E7 -19028.279878765494 -1.274851206932826E7
0 33 -2.5161252164798375E7 -2.3680694982769627E7 1.3085230567040868E7 -2.064087075937282E7 -2.438756549658993E7 -1.9267311154260002E7 3499568.051841012 -2.03236337410657E7 -4422.297958437751 -1.3405154627379013E7
0 34 -3172101.0533452085 -3168819.6994298724 -4827768.3816092545 -3064066.8581279917 -3207357.4073934886 -2892143.480950232 -3302945.03383915 -2999902.4315487063 -9962.07019239804 -2454181.22229075
0 35 -1.723272882887564E7 -1.631375233811799E7 5604636.897149591 -1.4376142125511419E7 -1.6771666851966118E7 -1.343604654707826E7 456195.6578959155 -1.4146341421310103E7 -7903.315800762538 -9577160.796565216
0 36 -3.501529664738708E7 -3.2573544976531006E7 1.1495269379374478E7 -2.95122718917903E7 -3.411884252641613E7 -2.7617815700470883E7 -4607370.791705338 -2.890459079380693E7 -19476.164551143465 -1.9780118006547775E7
0 37 -3.981532530622044E7 -3.800264624719145E7 1.0988018275078395E7 -3.3065034875235803E7 -3.862925707463018E7 -3.0934344921338677E7 2967148.2254019217 -3.2579222900780175E7 -16829.60372778736 -2.1863435291082647E7
0 38 -3.779761055806571E7 -3.570029647341942E7 1.12449060672679E7 -3.158194513499199E7 -3.673677743055244E7 -2.9550065399407417E7 -388837.47974137036 -3.1040604569505427E7 -18053.462158203958 -2.10008705763783E7
0 39 -2815320.0960501847 -2068626.366539996 -3331187.622750187 -2106095.292065668 -2693243.8417312047 -1872382.9491502289 -3645427.036358925 -1972842.9300100114 1740.5897085031477 -973441.3511926123
0 40 -2.265180656419831E7 -2.175854982610071E7 -1.2673045386820847E7 -1.9211583036736563E7 -2.2051724372849897E7 -1.806994710544309E7 -4736154.004214413 -1.891676039846856E7 -13598.420835596136 -1.305724766740346E7
0 41 -2.785166576634042E7 -2.6475635399748717E7 -7822253.174802135 -2.3485016364699915E7 -2.7094289340095483E7 -2.203696406792786E7 -4196801.781731686 -2.3081626063530166E7 -12996.541429009814 -1.5752775827224365E7
0 42 -4.904670065866174E7 -4.6144218468235895E7 1.3638289942448672E7 -4.085833013209468E7 -4.761815848137203E7 -3.823256295196538E7 2228752.2218843554 -4.012607114340105E7 -8175.8825304261045 -2.6913148031478714E7
0 43 -3.1044382177783497E7 -2.9187424339164805E7 5043213.850835215 -2.589197525701378E7 -3.0144251632821612E7 -2.423117945451653E7 5695.8736524993865 -2.5418470218338985E7 -5827.0297685796195 -1.705465474115904E7
0 44 -2.113722658965953E7 -1.9941644872349173E7 -1.7741866374051064E7 -1.749608272417353E7 -2.046327261697254E7 -1.6393735187025564E7 -5377772.734362338 -1.721663567729201E7 -2849.6816415889716 -1.1426873036063518E7 -2705.1336017699464
1 0 -34134.875853725796
1 1 -33113.710038293604
1 2 19584.013396835253
1 3 -30956.782285341676
1 4 -33574.276995879496
1 5 -29918.811616504066
1 6 9165.044110680868
1 7 -30676.296928454063
1 8 -2.4984184335006616
1 9 -24910.19175654747
