## RankNet
## Epochs = 100
## No. of features = 44
## No. of hidden layers = 1
## Layer 1: 10 neurons
1 2 3 4 5 6 7 8 9 10 11 12 13 14 15 16 17 18 19 20 21 22 23 24 25 26 27 28 29 30 31 32 33 34 35 36 37 38 39 40 41 42 43 44
1
10
0 0 3.4163737068401794E9 9.488653173451643E8 9.723466760487056E7 3.772082196021666E9 1.039087133970129E8 -2.1978687953067008E8 -3.689233270892341E8 9.970031239267644E7 7.907540651862325E7 -2.813589398479669E8
0 1 -5.137241157765046E9 -1.409004329049065E9 -1.3593749300402826E8 -5.6748068156948185E9 -9.10072053485307E7 3.351457990232382E8 5.046085895030387E8 -1.4412738453617874E8 -6.3017955451111816E7 4.332628162194032E8
0 2 -1.0884904275159794E10 -3.3961061550671787E9 -2.686026745806881E8 -1.2032994421814404E10 -2.3814141174993694E8 5.489694475456997E8 9.221664743018478E8 -2.6564988425592735E8 -1.8664782622077665E8 7.101709183915634E8
0 3 -7.402165210364077E9 -2.206924009222095E9 -1.956282336431802E8 -8.171123029745324E9 -1.7904355104883167E8 3.368807754249398E8 5.496602937495561E8 -1.995524939255797E8 -1.3263185650049327E8 4.3043037520123357E8
0 4 4.0386585740389314E9 1.1569708293783088E9 1.7791515739274842E8 4.485437491679641E9 1.717244795094879E8 -3.681901735876846E8 -6.135032308116438E8 1.8199810009348473E8 1.3092010243779792E8 -4.7340757006687796E8
0 5 3.2873103607064676E9 9.241261286400756E8 1.544284798829425E8 3.6645814200145273E9 1.565487795476725E8 -3.681903703492063E8 -6.165498053541719E8 1.5678452404756472E8 1.1720271968915458E8 -4.763908742278339E8
0 6 9.326875605039531E8 2.736924528912138E8 2.88596725671103E7 1.0324634119759043E9 2.70223572051347E7 -5.9931986560340434E7 -9.872184292244689E7 2.949907137710524E7 2.0720652730025314E7 -7.684932089474028E7
0 7 -1.3630488159130847E9 -4.247433508644479E8 4.287137737997494E7 -1.483216144102972E9 4.6107322968978524E7 -8.21296278926887E7 -1.3969099978501695E8 4.494549659233171E7 3.526520003319942E7 -1.0606327819508828E8
0 8 7.272864015197512E9 2.091284117543761E9 2.668842543158852E8 8.060315396115342E9 2.5388116007678196E8 -5.701992661748345E8 -9.426678490888689E8 2.73405543876089E8 1.860060290228941E8 -7.35505310740112E8
0 9 -4.942884166226408E9 -1.4503267998810027E9 -1.2401971961021797E8 -5.447696148924357E9 -1.140523192762917E8 2.3333579682621753E8 3.7941336900948536E8 -1.2651223714428368E8 -8.498009232800815E7 2.971336038866316E8
0 10 -4.119891827177221E9 -1.203072610838427E9 -1.0217480301112646E8 -4.539879285621957E9 -9.450074418296501E7 1.9882715985544494E8 3.235808822478362E8 -1.0424781584677228E8 -7.040558826637448E7 2.5322760284388342E8
0 11 -7.255573770978723E7 -2.1265004534245435E7 -1763771.369383674 -7.99991695034444E7 -1663825.6254426711 3481428.1279322403 5684419.532689625 -1769877.1337014663 -1258538.8543484667 4444490.223318702
0 12 -1.6423893322614732E8 -4.696924704308385E7 -3741398.7642748035 -1.812005655682943E8 -3561662.3120026463 7977198.781829359 1.3213898059707632E7 -3797171.3708963906 -2719658.1776062045 1.0234974857032422E7
0 13 -1.0511094958922344E8 -3.1135712017158393E7 -2637741.7991584316 -1.1574501919282694E8 -2399221.209024651 4743974.916048723 7837992.106617665 -2681686.8574769152 -1778806.4079178108 6093133.108032023
0 14 1.0825952791400136E7 3434812.4745431556 289984.42524671985 1.1901354629430804E7 269844.4205088471 -546584.3284954601 -841524.7546291031 298524.02006370167 195271.56228443675 -695092.9649314601
0 15 -4.4776948192546015E9 -1.2822285474412298E9 -1.0960543381534937E8 -4.930332112401541E9 -9.546370518366864E7 2.399107376314398E8 3.8072347420672727E8 -1.1312010181519881E8 -6.859376235723001E7 3.073987338310761E8
0 16 -3.6146308920008206E9 -1.0341755722869632E9 -5.870894843263285E7 -4.0390223082284636E9 -5.779410957722373E7 8.066622868525164E7 1.6009069775047013E8 -5.8784706176704206E7 -5.983273890688553E7 1.0099632205924866E8
0 17 6.659878051517047E9 1.9671111017776022E9 1.934698386463378E8 7.350197197210248E9 1.818339934889789E8 -4.062081223139932E8 -6.639901042042989E8 1.9691014515073356E8 1.3523828973516434E8 -5.2017370767150766E8
0 18 5.446021006777576E9 1.6024922723867204E9 1.5308889997653908E8 6.00716234707903E9 1.426478437923638E8 -3.2427344985003865E8 -5.258544698536274E8 1.5602318954380265E8 1.0416967487723586E8 -4.154906903043839E8
0 19 7.014182089312671E9 2.071531513878787E9 2.026298009976479E8 7.740791077883201E9 1.901961571748064E8 -4.238442453532661E8 -6.926992482400969E8 2.062541685420028E8 1.4157289377437544E8 -5.425886469911847E8
0 20 6.758648580853178E9 1.9959244381866622E9 1.9565289371929044E8 7.459007100359878E9 1.8386980978091314E8 -4.1016785187255317E8 -6.704716442747927E8 1.9912862359000275E8 1.3679664626557297E8 -5.2517920294818175E8
0 21 -2.5127966015334425E9 -7.238672604934603E8 -6.137802413185564E7 -2.7657135505941253E9 -5.719326161077506E7 1.2692961322211854E8 2.0531918216459292E8 -6.270511820249511E7 -4.2343858746936016E7 1.615660357874863E8
0 22 -6.520244530164267E9 -1.9147644839938104E9 -1.6314507402218685E8 -7.186754785853259E9 -1.495997012072156E8 3.04783056528898E8 4.949813511028574E8 -1.6642494791991463E8 -1.1157457524759333E8 3.879771014520347E8
0 23 -4.446976426259354E9 -1.310306879292578E9 -9.430392038563347E7 -4.896871226485949E9 -8.552197304829276E7 1.7655509325917116E8 2.863231513933503E8 -9.584856690000355E7 -6.3580774865396544E7 2.243533079447338E8
0 24 -6.787118207514948E8 -1.9833947812042695E8 -1.688458085135493E7 -7.479159791299287E8 -1.5492895724359673E7 3.2342391267522577E7 5.255524451677879E7 -1.723101824450697E7 -1.151156723033448E7 4.12116434703075E7
0 25 -1.3080816275778332E9 -3.689639311426887E8 -3.2443754793621127E7 -1.436382485325394E9 -2.7221561909296885E7 7.364845832615505E7 1.1431460566369534E8 -3.389749844220537E7 -1.7319314231594957E7 9.568506817412263E7
0 26 -3.194528784407279E9 -9.345440547031779E8 -7.923142410029685E7 -3.5257345148197327E9 -7.215414793161944E7 1.5495847709923378E8 2.520395758214013E8 -8.077152242563906E7 -5.26747572978015E7 1.9846246926324832E8
0 27 -2.6245344959456954E9 -7.770983536860937E8 -6.856093762829915E7 -2.894822659660637E9 -6.152089873263312E7 1.2013960245738496E8 1.955433834569881E8 -7.010131512350836E7 -4.560909808737684E7 1.535568513732556E8
0 28 -1.7364073018093975E9 -5.055879055886381E8 -4.2187878975434884E7 -1.9092137302612581E9 -3.8935748420399204E7 8.390148232517016E7 1.3574128288589194E8 -4.304482121971167E7 -2.8852717641828164E7 1.0703778291440214E8
0 29 -1.5069656559638703E9 -4.404181264410972E8 -3.6027284485745944E7 -1.6606995036069882E9 -3.362275697033292E7 6.780958041403079E7 1.1088251302746646E8 -3.667661373075887E7 -2.534994563808916E7 8.620288157775392E7
0 30 -2.731681425778111E8 -3.689194724464875E7 1.3193879942825874E7 -3.088167633918776E8 2.4563820643016756E7 4267669.126676639 -5238072.4986690935 1.1637517867666362E7 1.8104482341370076E7 7828667.050765631
0 31 -1.6038999916890972E9 -4.2789262174516386E8 3672132.2289203494 -1.7897671152633202E9 1.1105629829097772E7 6065028.140361665 9463649.806717705 2862652.8596872594 2631232.531858848 9061492.315708047
0 32 -1.1298583660483692E9 -2.886079149073101E8 7064028.171670637 -1.2622137140601113E9 1.5899790338786172E7 5424763.057999246 4226512.856158971 5988489.366373102 8143210.1262288 8622329.525848318
0 33 -8.150851510783234E8 -2.2686212215785265E8 -7105437.461809684 -9.029918138578746E8 -3225308.0833676658 2.183159608187748E7 3.442079357811423E7 -7472983.6813096665 -3384352.0876138983 2.8356228757910673E7
0 34 -2.8124646494978776E9 -8.20830444725568E8 -4.5370743503278725E7 -3.107749012785921E9 -4.145880530344441E7 9.59419981336871E7 1.6077431840719944E8 -4.574098263967076E7 -3.3186446374348626E7 1.2270538637977307E8
0 35 -2.404371786778418E9 -6.978258475995139E8 -3.664889269169042E7 -2.6576343365880666E9 -3.233277519652963E7 7.9906958326049E7 1.3313817050955087E8 -3.705749717023022E7 -2.616534791996028E7 1.0235110161928278E8
0 36 -1.185592762177969E9 -3.213017343801016E8 5643857.167131511 -1.318494644894862E9 1.4555878751185602E7 5256551.754013394 3299190.4999005487 4977320.103389432 7896727.263983374 7539675.822613277
0 37 -2.0950525745869267E9 -6.218882458762656E8 9620319.03617691 -2.3223681943162627E9 1.0014422325885048E7 -2.877434967679156E7 -4.009691713637459E7 1.1037730779919242E7 537316.8755261818 -3.890541152017194E7
0 38 -2.0946791204052467E9 -6.108675009530303E8 9689748.292680971 -2.323473098788678E9 1.3179103882659022E7 -2.109593105275706E7 -3.0831204181591995E7 1.0583722663154399E7 3241990.5593308406 -2.8369502152528808E7
0 39 -2.3590560969513845E9 -7.2059383882671E8 1.0107287924962658E7 -2.597640733179893E9 1.0062064759943219E7 -3.5368505707534395E7 -5.343645387275078E7 1.2183602436798608E7 3476134.837088154 -4.8176713650480956E7
0 40 -2.400443373338657E9 -6.635552092010221E8 -3594290.3955329745 -2.671429684887515E9 3997249.366789473 1.7637235548836056E7 3.2074895975967426E7 -4137970.210563574 -4660104.123334693 2.3145096434952177E7
0 41 -2.03675253909258E9 -5.559690210365564E8 4431951.159964085 -2.2672485106352963E9 1.2153879077788904E7 5260761.527957538 9603042.693019269 3870956.83155816 2595452.4754518108 7632388.729098053
0 42 -3.23776756601201E9 -9.136178820935464E8 -2.3319134791710686E7 -3.6013633533396153E9 -1.5777693112189664E7 4.76387386401208E7 8.590118127095658E7 -2.3804679489366565E7 -2.207338716089166E7 6.0504222547051445E7
0 43 -1.9616920538344707E9 -5.523604947553545E8 6863630.412964337 -2.173408655937663E9 1.4750707387933096E7 362955.0600128982 -3212708.7128483504 6693436.968043879 6816782.874462173 455705.0880501556
0 44 -2.231273042225077E9 -6.812306930671145E8 4.122514307178433E7 -2.444181214041988E9 4.518146732722361E7 -8.319640295641533E7 -1.3861733377854565E8 4.369551322977815E7 3.2287890723235127E7 -1.0801962167022523E8 37282.290347765134
1 0 379783.18587326485
1 1 208706.21487073548
1 2 14937.92941109089
1 3 398299.85045038105
1 4 5494.45517941762
1 5 -13712.736437238249
1 6 -18717.98624758249
1 7 13028.317770629104
1 8 4370.651124635383
1 9 -15092.635864357077
