## ListNet
## Epochs = 1500
## No. of features = 44
1 2 3 4 5 6 7 8 9 10 11 12 13 14 15 16 17 18 19 20 21 22 23 24 25 26 27 28 29 30 31 32 33 34 35 36 37 38 39 40 41 42 43 44
0
0 0 0.03565667749031962
0 1 -0.1004989232369817
0 2 -0.06381537331875299
0 3 -0.06693852666143628
0 4 -0.010720263001197756
0 5 0.03095485974669044
0 6 -0.02979165717335702
0 7 0.08419864795737805
0 8 0.1156818337703524
0 9 0.058965878995730484
0 10 -0.03371238680511604
0 11 0.07739796526502853
0 12 0.0020348166705123675
0 13 0.07024921923907872
0 14 -0.03208258464031005
0 15 -0.013791608755833743
0 16 -0.08228047019274073
0 17 0.07339426844479145
0 18 -0.016618426981604397
0 19 -0.014137021882786508
0 20 0.10485718070702683
0 21 -0.09242990410869671
0 22 0.06301134069075144
0 23 -0.09524037402234004
0 24 -0.10121161188452829
0 25 0.02929208465375662
0 26 -0.05886263002010218
0 27 -0.03334654322136048
0 28 -0.014723883900704426
0 29 0.057929928129780685
0 30 -0.05710681014400658
0 31 0.08920576573873855
0 32 0.0042000440149976
0 33 0.01850431186687048
0 34 0.07518215759605917
0 35 0.07867994854660276
0 36 -0.07211543510688828
0 37 -0.02078345046978785
0 38 -0.07768555737509002
0 39 0.029768357406022575
0 40 -0.0522291047979315
0 41 -0.039016096332153756
0 42 0.030095055497854593
0 43 -0.06580953067688637
0 44 -0.012969041243344989
