## ListNet
## Epochs = 1500
## No. of features = 44
1 2 3 4 5 6 7 8 9 10 11 12 13 14 15 16 17 18 19 20 21 22 23 24 25 26 27 28 29 30 31 32 33 34 35 36 37 38 39 40 41 42 43 44
0
0 0 0.08066725210519632
0 1 -0.07047324518770683
0 2 -0.21659968924027972
0 3 0.07577543454604119
0 4 -0.07153280368457639
0 5 0.11897924728435175
0 6 0.008812989131200587
0 7 0.04448019286242765
0 8 -0.06752612890704872
0 9 0.01071779978400283
0 10 0.027765804974939107
0 11 -0.003364407683060487
0 12 -0.01875344310801101
0 13 0.008376071470211658
0 14 0.06250041113540482
0 15 0.027545667900634487
0 16 -0.002944273805563431
0 17 0.03334905987830471
0 18 -0.10466944636968287
0 19 -0.042898039467768254
0 20 -0.02719433186436613
0 21 0.0013119697548361682
0 22 -0.08663117500585109
0 23 -0.09773410376494553
0 24 -0.0612762317423692
0 25 0.046831752680149025
0 26 -0.039739158029541664
0 27 -0.10997289682693005
0 28 -0.004740183624364693
0 29 0.016408930315744853
0 30 -0.0811687254667092
0 31 -0.1360212821088847
0 32 -0.1344358819301835
0 33 -0.10007948676848037
0 34 -0.07879989004452595
0 35 -0.05498748678493956
0 36 -0.12268737208044919
0 37 -0.07528335905701385
0 38 0.006635971068030455
0 39 -0.05889058752533168
0 40 0.016619934515305076
0 41 -0.10835819081573164
0 42 -0.11263838992579693
0 43 0.03299574177866207
0 44 0.07493387162685852
