## ListNet
## Epochs = 1500
## No. of features = 44
1 2 3 4 5 6 7 8 9 10 11 12 13 14 15 16 17 18 19 20 21 22 23 24 25 26 27 28 29 30 31 32 33 34 35 36 37 38 39 40 41 42 43 44
0
0 0 0.046754034400025325
0 1 -0.17913259973565537
0 2 -0.005861105273485133
0 3 0.0664688419081998
0 4 0.02468235176711351
0 5 0.07234109891707542
0 6 0.013089796086042093
0 7 -0.011365731066843974
0 8 -0.040455011676210455
0 9 -0.10107609537806543
0 10 -0.10115430570283515
0 11 0.06194978079356308
0 12 0.02084806929867222
0 13 -0.0704845119186995
0 14 -0.06143996140560868
0 15 -0.0575135647280533
0 16 -0.1153627130790267
0 17 0.06521013927970977
0 18 0.08388497035743195
0 19 0.03277966001886624
0 20 0.02144264247904599
0 21 0.028836132095786646
0 22 -0.13801113174417315
0 23 0.018888393581039144
0 24 -0.07469300294137855
0 25 -0.09284748878424236
0 26 -0.08575153396019718
0 27 -0.008816411810218446
0 28 -0.01582348987599063
0 29 -0.0034257211364218227
0 30 -0.03929547129159494
0 31 2.2426357387922123E-4
0 32 5.117927469563224E-4
0 33 -0.01835414799985593
0 34 -0.0733145018018898
0 35 -0.0775792892672912
0 36 -0.045246989368068695
0 37 0.046863868549793415
0 38 -0.06098775918036018
0 39 -0.0803965504991391
0 40 -0.0038877716502925567
0 41 -0.04116897917930291
0 42 -0.06783922071146194
0 43 0.0324329735965934
0 44 -0.08237071335315703
