## RankNet
## Epochs = 100
## No. of features = 44
## No. of hidden layers = 1
## Layer 1: 10 neurons
1 2 3 4 5 6 7 8 9 10 11 12 13 14 15 16 17 18 19 20 21 22 23 24 25 26 27 28 29 30 31 32 33 34 35 36 37 38 39 40 41 42 43 44
1
10
0 0 -1.3234256852798814E7 -1.0438889493828183E7 -1.3594116080193037E7 -1.386607076987279E7 -1.3878234301632712E7 -1.3225088050231049E7 -1.200582940962331E7 -1.4372761677303273E7 -1.0394530106613163E7 -1.3481840199182548E7
0 1 8.239614398268399E7 -3.370827838788441E8 8.440720101959834E7 8.580850356617333E7 8.583908909527354E7 8.239750887191051E7 -3.116729158602416E8 8.927950743228944E7 -3.478482552231039E8 8.388344246146007E7
0 2 1.5893937063740678E7 -9.192820472369961E7 1.6295831710605716E7 1.659354007914319E7 1.6601577881606929E7 1.5893299118686829E7 -8.603512810168177E7 1.718516026923496E7 -9.450924633480144E7 1.6182437934066046E7
0 3 2.3658750433698334E7 -9.596924450223573E7 2.423962418329959E7 2.464268410602135E7 2.4650398807675507E7 2.3658423020251628E7 -8.847149364079908E7 2.5639501769967467E7 -9.906971659273218E7 2.4086807312410325E7
0 4 -3.62565478807048E7 8.238296173983361E7 -3.714314479963162E7 -3.777662238925525E7 -3.779025440602109E7 -3.625357620917818E7 7.995514605043513E7 -3.931264990479196E7 8.498346435028023E7 -3.6918431661018364E7
0 5 -4.2560098843843415E7 9.957297696689901E7 -4.360234666405369E7 -4.434000286178839E7 -4.4356032496179275E7 -4.255917909946525E7 9.604168250703846E7 -4.614982342801248E7 1.0265154484770182E8 -4.334248247563009E7
0 6 -3426934.549097575 1.0479965211492287E7 -3512275.6307599987 -3572334.3337655365 -3573744.010764754 -3426816.5408109394 9748732.226529216 -3718022.859114431 1.082347705284315E7 -3490977.369315877
0 7 -6907315.662348001 -1.0868259754134508E7 -7064982.327854518 -7168881.742629427 -7169746.4969874965 -6907939.07680529 -8078967.244130871 -7467462.465807938 -1.129002339442686E7 -7028150.831551783
0 8 -2.4671148815782316E7 2.5263610457209557E7 -2.5280385688625764E7 -2.5707621327873614E7 -2.5717257804657403E7 -2.467061614154821E7 2.5624473898732305E7 -2.674445292394579E7 2.6178487351734973E7 -2.5122697996799834E7
0 9 3.1022055326010067E7 -1.2431523573396511E8 3.1778407804773793E7 3.2302450758372877E7 3.231303983269469E7 3.1022462555914674E7 -1.13464370340557E8 3.362206391437598E7 -1.283608354533933E8 3.158019316132132E7
0 10 1.0545287586962719E7 -4.044789883297063E7 1.0802303519250516E7 1.0980735187042024E7 1.0984429943750681E7 1.0545345898422446E7 -3.67223901707703E7 1.142880337329927E7 -4.17829308487426E7 1.0734468740769776E7
0 11 -1494545.2855228258 5568904.070011823 -1530720.0679773216 -1555799.290078097 -1556217.910238553 -1494631.0785202258 5158470.494481042 -1620130.1333071664 5747565.31612933 -1521355.173985722
0 12 -1677772.3456811898 6263807.316810198 -1718678.8265640892 -1747135.7078553308 -1747553.6787182852 -1677783.9335944525 5817362.573761593 -1818113.4718345974 6464737.377324998 -1707992.3857868656
0 13 -1302908.0623354875 4827257.305986429 -1334452.4472391186 -1356612.2482937977 -1356947.558810585 -1302899.6278553426 4468456.458761516 -1411753.400206378 4980484.642452472 -1326212.6768034874
0 14 -2099820.661065948 7975949.44070981 -2150969.4653658373 -2186745.3231222364 -2187465.128701086 -2099858.5438213316 7349331.199077333 -2274517.8746906063 8232208.703660048 -2137500.3274641875
0 15 2.2654472270325627E7 -9.33133511783742E7 2.3207842907758325E7 2.359324046649689E7 2.3601712025678843E7 2.265471358663384E7 -8.627760005864343E7 2.45480098058585E7 -9.629589503047484E7 2.306371829075301E7
0 16 1.794900045705764E7 -9.030943540071017E7 1.8417716557338886E7 1.8750791699205916E7 1.876171494564499E7 1.794672928194977E7 -8.313052079362585E7 1.9458350986921426E7 -9.329732395910549E7 1.8288265914199248E7
0 17 -2.199808989450522E7 7.143853360086174E7 -2.2532897516914837E7 -2.29099530471337E7 -2.2917392603022143E7 -2.1998100967660006E7 6.643273633961157E7 -2.3873450353933576E7 7.374923435065208E7 -2.240307527403059E7
0 18 -3.416331814310404E7 1.184918783387045E8 -3.4993475758398816E7 -3.55722385952396E7 -3.558305186753616E7 -3.416432157178177E7 1.0899714126500572E8 -3.706305126718014E7 1.2232217677287044E8 -3.478330005213614E7
0 19 -2.2199523832200434E7 7.271096920765713E7 -2.273967892168601E7 -2.3120732311431803E7 -2.3128384739092194E7 -2.2199419557563942E7 6.757128846424706E7 -2.409091552658324E7 7.506343773959358E7 -2.2608336680908807E7
0 20 -2.2566293282414395E7 7.397484089790261E7 -2.3115213354919516E7 -2.350229466319839E7 -2.3510030597376492E7 -2.256627620189279E7 6.874181862814684E7 -2.4488815033388082E7 7.636899521726862E7 -2.2981608576039463E7
0 21 7554769.78120214 -2.6588740724607445E7 7738613.975961534 7865045.197456645 7867407.134926269 7554910.821916002 -2.402393403950288E7 8184586.002569423 -2.7470953088850044E7 7688473.499494152
0 22 3.0279502728197984E7 -1.2102544952963531E8 3.1017397573661964E7 3.1528473402918506E7 3.153872641936134E7 3.02800176095017E7 -1.1043435097476569E8 3.281479563765382E7 -1.249597778289E8 3.08232615004585E7
0 23 1.3706226467017666E7 -6.571600466960128E7 1.4042125911271892E7 1.4277665051579187E7 1.4282688498355065E7 1.3706390780552661E7 -5.967447203138215E7 1.485950105057639E7 -6.785549845529851E7 1.3955653241151208E7
0 24 2962351.9494385608 -1.5789775177861787E7 3032477.7562996265 3081469.569975743 3082025.486039262 2962708.782060805 -1.4003641784629146E7 3216100.396338252 -1.6317325889008658E7 3015036.988028386
0 25 1.095528205403902E7 -4.449792649338393E7 1.1224862119852796E7 1.1413592071315233E7 1.1417506463904254E7 1.0954975299175754E7 -4.149718191298484E7 1.1881958575561078E7 -4.585779146033906E7 1.1156595670901459E7
0 26 1387295.2854925583 -5431331.868695263 1421088.317498813 1444518.9343055496 1444981.0330858906 1387299.340048462 -4757658.1433515 1503163.9219739086 -5615676.479521839 1412048.1290351776
0 27 -9686665.8636852 -5254625.283382178 -9948353.871521188 -1.0129255983396536E7 -1.0137655109522218E7 -9682368.839265639 -196227.76666127727 -1.043693449463899E7 -5607400.614047918 -9870627.94812023
0 28 4357202.104084126 -1.689355468087112E7 4463461.27076113 4536665.615084126 4537848.357997955 4357186.517832613 -1.4967568596951468E7 4721458.7641173005 -1.746232986998403E7 4435498.827704216
0 29 744623.4623085909 -3313909.57921336 762942.1275968256 776402.9579869823 776846.0293549052 744584.7577449237 -3314162.2336028568 807238.290579004 -3415219.5644333027 759467.0572005062
0 30 -1.063028998076579E7 -1.9080002126155734E7 -1.0866240450217575E7 -1.1020389601459866E7 -1.1020625150176786E7 -1.0631548837396767E7 -1.4805738195024021E7 -1.1493896222051995E7 -1.9825117986538842E7 -1.0813958194150545E7
0 31 -3464927.9254732938 -4.352402834320321E7 -3527475.209043957 -3564124.553754786 -3561882.3971214048 -3465731.6120061893 -3.7789098438992895E7 -3732201.292527711 -4.5038897488415934E7 -3514126.1593347015
0 32 -6953870.997721586 -3.237747791720416E7 -7100560.648734088 -7194147.330320303 -7193064.61607996 -6954904.332783277 -2.726582212803287E7 -7511221.521005355 -3.3543307122234114E7 -7068328.994003695
0 33 -4239378.895729416 6824904.538158372 -4346056.689956284 -4421733.200977497 -4424003.4884954635 -4238512.789025738 6490621.39293262 -4592376.193772053 7069844.0193827385 -4315218.746457803
0 34 88169.60874374422 -1.0101640525508082E7 87272.80531512026 84908.63599945694 84323.95638130557 89113.98228740015 -9105882.489711624 95359.21849096085 -1.0401663704169113E7 91427.28891382625
0 35 -1961898.4239018112 -2083112.1938360997 -2012906.5393972995 -2050000.4069076001 -2051383.6061115626 -1960991.244998742 -1717428.0797027946 -2125338.323339745 -2124972.9799196236 -1996111.2905632143
0 36 -946576.7115139025 -2.0077362584347863E7 -974683.8308142046 -997366.8393355362 -998085.3450981954 -945384.3830753411 -1.761516202329123E7 -1032185.1822408793 -2.068024483763561E7 -964541.2691063348
0 37 4961312.133566811 -4.086261441091424E7 5077930.90528276 5153930.563251996 5155425.709437723 4962626.02488916 -3.7039688171325155E7 5365709.316352301 -4.2126051953008145E7 5051981.292514388
0 38 2331888.778768428 -3.1611724839466404E7 2384094.4456295986 2416173.2805585726 2416683.226306837 2333148.4342961945 -2.8394416812876943E7 2518199.1273944313 -3.2581169340536326E7 2374208.244556021
0 39 1.3498501782895258E7 -9.085908534704411E7 1.3836175135767147E7 1.407226621806504E7 1.4078927905471178E7 1.3498749612223715E7 -8.266196369767325E7 1.462425333253257E7 -9.380258683243872E7 1.3749317136388086E7
0 40 -2.614589136408531E7 3.2994189009173587E7 -2.6787439903582547E7 -2.723134624796679E7 -2.7241027826081783E7 -2.6144899707937412E7 3.403250477079964E7 -2.8298225800264493E7 3.4019934997547746E7 -2.6615960732288327E7
0 41 -3.1740860614173345E7 5.831050406611852E7 -3.2520999373204537E7 -3.3059065409508824E7 -3.307121627444149E7 -3.1740209041281972E7 5.7396430926777795E7 -3.4356415744134E7 6.014427268293891E7 -3.2315006674401224E7
0 42 5948617.543491024 -3.9782006186832845E7 6086966.462754598 6177551.277833883 6179187.366908137 5950077.077376172 -3.6216820849689014E7 6435867.925138806 -4.0998150692153014E7 6058078.721096553
0 43 9140959.411573105 -4.932849611965829E7 9361087.051407896 9508182.73409126 9511570.049606655 9142212.698234642 -4.523339771106756E7 9889849.452330662 -5.0863223600517094E7 9307718.551870223
0 44 -3976503.209291707 -6.426214526677206E7 -4071584.4711055923 -4137835.458368826 -4138386.6816276973 -3975244.105115404 -5.571313871411337E7 -4295423.19484409 -6.632986195767229E7 -4043918.8211294785 26.268179617046385
1 0 -12175.828130401382
1 1 49068.438150035785
1 2 -12335.969119729845
1 3 -12434.563158396108
1 4 -12433.642831326588
1 5 -12174.819035706325
1 6 45704.38846299163
1 7 -12705.466882758757
1 8 49841.26494800449
1 9 -12286.590769947652
