## ListNet
## Epochs = 1500
## No. of features = 44
1 2 3 4 5 6 7 8 9 10 11 12 13 14 15 16 17 18 19 20 21 22 23 24 25 26 27 28 29 30 31 32 33 34 35 36 37 38 39 40 41 42 43 44
0
0 0 0.05669969782402814
0 1 -0.07397843711126724
0 2 -0.03571357265577513
0 3 0.031117236232052058
0 4 0.1202754731630714
0 5 0.08232813383756077
0 6 -0.050554315219928654
0 7 0.10137382565395539
0 8 -0.04353834685654019
0 9 -0.06032575422700154
0 10 -0.06360928580802325
0 11 0.09231451296737055
0 12 0.059114649671564976
0 13 -0.0744622699139841
0 14 0.07827619229242354
0 15 0.04402644942526996
0 16 -0.05725889217198072
0 17 0.009912094513573173
0 18 0.05326715398077878
0 19 0.08268137425943814
0 20 0.057804352440098
0 21 -0.03117256091159414
0 22 0.005281076299190963
0 23 -0.030868578055876367
0 24 -0.049716980887072194
0 25 -0.0395546271551846
0 26 -0.04908902411304474
0 27 -0.054565947617379346
0 28 -0.02338740280576214
0 29 0.026135596155916686
0 30 0.002652343411461465
0 31 -0.06410795993739113
0 32 -0.035754621987505356
0 33 0.054862620558023774
0 34 -0.07963998203445288
0 35 0.04734776484644545
0 36 0.007163305127621018
0 37 0.0449826773367094
0 38 -0.0882728572169461
0 39 -0.07580837274116742
0 40 -0.010375900100287569
0 41 -0.019586159237739632
0 42 0.009554260163606176
0 43 0.026614069173752617
0 44 -0.06598626822229506
