## RankNet
## Epochs = 100
## No. of features = 44
## No. of hidden layers = 1
## Layer 1: 10 neurons
1 2 3 4 5 6 7 8 9 10 11 12 13 14 15 16 17 18 19 20 21 22 23 24 25 26 27 28 29 30 31 32 33 34 35 36 37 38 39 40 41 42 43 44
1
10
0 0 -5.326545040759839E7 -5.247789368517313E7 -5.701679100862698E7 -2137081.476236918 -3204009.0875292704 -3215839.8125417614 -2227431.5178499026 -5.3066310463269055E7 -3.845492643682222E7 -5.3436079727595426E7
0 1 -6.0277096970438816E7 -5.9387947397868566E7 -6.46162115109209E7 8.481043704894981E7 6.031071097493587E7 4.8980209845182605E7 8.235920664852415E7 -6.0709433550132245E7 -4.6140995002135135E7 -6.050831470081649E7
0 2 -4.482292329993316E8 -4.4229292194802547E8 -4.7867675418734324E8 8.226666167690065E8 5.91941956650568E8 4.929054549039108E8 8.009123943261206E8 -4.496655125975582E8 -3.4110400267848533E8 -4.501820938460248E8
0 3 -1.4011572932608235E8 -1.3805464027578434E8 -1.499870847192978E8 2.745930311469465E8 1.9129258339989072E8 1.5634071560608652E8 2.6661291616808522E8 -1.4066835276143458E8 -1.062667269943584E8 -1.4062713070410293E8
0 4 3.28390774965061E7 3.233012483320692E7 3.5336862577614054E7 -1.9117007165175304E8 -1.3226100804295066E8 -1.0699294790294296E8 -1.8546963415155494E8 3.3261613356773157E7 2.63395655627383E7 3.2961525575287983E7
0 5 4.837200123958573E7 4.775884895953551E7 5.1778003468203954E7 -1.939196000179307E8 -1.3861169796779898E8 -1.1347736985519487E8 -1.8819579607810375E8 4.896751145122641E7 3.904382163718551E7 4.86067706574073E7
0 6 7673831.20284136 7577387.852459537 8127564.564215517 -2.467654662596245E7 -1.7823046512547832E7 -1.4820442618016154E7 -2.394885067902409E7 7768591.019975064 6551406.706678184 7709671.155382874
0 7 2.5265069128470946E7 2.487533629846772E7 2.7242269056685656E7 -1.6615121243980572E8 -1.1469254352860434E8 -9.231011505946958E7 -1.6128563856619897E8 2.5652849148700956E7 2.0393080560017075E7 2.5362157928873006E7
0 8 5.987989211481269E7 5.900565440332335E7 6.403711095373994E7 -2.3629531098488563E8 -1.6904722696318004E8 -1.379163968254075E8 -2.2934956210150015E8 6.0332064914227486E7 4.768362072603592E7 6.008110773070596E7
0 9 -1.2046203805772452E8 -1.186667740928345E8 -1.2900300771077846E8 2.415197060691798E8 1.6583414442476946E8 1.3460933442615864E8 2.344849346447271E8 -1.2090903939702778E8 -9.117851497541384E7 -1.208974808220519E8
0 10 -5.765071723194886E7 -5.67881081907477E7 -6.174157238093437E7 1.1767355445076413E8 8.077727881349172E7 6.55951641571959E7 1.1424305635734925E8 -5.786828992409718E7 -4.366610703378778E7 -5.7857145623211175E7
0 11 -9830861.12126683 -9684155.263788795 -1.0527331007754838E7 2.060594345368772E7 1.4141563746756284E7 1.1510003316540163E7 2.0006530814535648E7 -9865669.172867842 -7439011.219557353 -9866026.71099184
0 12 -7919543.115099896 -7802028.209327412 -8475585.287611905 1.7098874488402583E7 1.17854356738593E7 9653279.917348977 1.6608480163053561E7 -7943449.050119359 -5978691.611458955 -7948731.594700345
0 13 -4515317.624119438 -4448476.563844085 -4834052.829867673 9946060.9372747 6868465.207272699 5612934.204756129 9659788.23478148 -4528469.603108954 -3344869.262673556 -4531254.048512711
0 14 -2749104.317454881 -2707355.2523098434 -2941298.6646716455 5454501.318366424 3697665.88156475 3001745.5487170257 5290452.319594219 -2757305.474510956 -2061213.2594233835 -2759320.8742717127
0 15 -2.466088625935204E7 -2.429733175754076E7 -2.642985573002573E7 3.833988140694466E7 2.7038640988389477E7 2.1996281247587543E7 3.723335036385036E7 -2.480921263761521E7 -1.8794176494813267E7 -2.4753800665792298E7
0 16 -1.0064207424501824E8 -9.920391871136598E7 -1.0732532809276307E8 1.3549710114004043E8 9.36444904865457E7 7.665906356672047E7 1.3092370637216726E8 -1.0057917466981338E8 -7.597921581456855E7 -1.0099210173404545E8
0 17 3.753845110717477E7 3.690520324123877E7 4.033645299994142E7 -9.5815625893397E7 -6.19621238966067E7 -4.8324885194204845E7 -9.27973965811287E7 3.782927440281457E7 2.9224897693082314E7 3.7669409273257054E7
0 18 -1.7868848762102917E7 -1.7658616692551002E7 -1.9000605395385522E7 2.904803080415368E7 2.3174478502354573E7 2.0638041017486114E7 2.8314488318564393E7 -1.774542997136021E7 -1.2769163121689415E7 -1.7926083737560216E7
0 19 3.8054823363181576E7 3.740965227507323E7 4.090564177328312E7 -9.554942673609626E7 -6.161020052179385E7 -4.7940989140641496E7 -9.254373734938787E7 3.835118265916441E7 2.955879837473049E7 3.8186808828222446E7
0 20 3.809811155670508E7 3.745643943048044E7 4.093636750012284E7 -9.678783602718343E7 -6.261104063667688E7 -4.884286629325518E7 -9.373831626389097E7 3.838944800314361E7 2.9638231605840165E7 3.8230979421147674E7
0 21 -1.0054609136358605E8 -9.900811975854483E7 -1.0787599405911036E8 2.0290763058777288E8 1.386248063518082E8 1.1206052614242107E8 1.9684167447786945E8 -1.010042407776781E8 -7.604530487186974E7 -1.0090826828788652E8
0 22 -2.2458059659616622E8 -2.212286777310664E8 -2.4053146283575395E8 4.400671378315487E8 3.0192544381501204E8 2.450055481831889E8 4.272017081094468E8 -2.2539444573421475E8 -1.6982107147185183E8 -2.2539572256504518E8
0 23 1.1978291040591069E7 1.1812247538916435E7 1.285294394372293E7 -5.6482738844509535E7 -3.988022977078823E7 -3.2591689135765515E7 -5.48851875121127E7 1.214873335532059E7 9609057.142464122 1.2020782016498975E7
0 24 -3.852826890750932E7 -3.795354427251785E7 -4.126931756683687E7 7.617254089782049E7 5.211388368718737E7 4.226066142224966E7 7.393960588063215E7 -3.866790392398826E7 -2.9119675163324416E7 -3.866861773234574E7
0 25 -1.9456062412896212E7 -1.913262344573932E7 -2.0944930454594288E7 3.3559243279336184E7 2.2155775380464535E7 1.7692491959593713E7 3.2494090187456574E7 -1.9524966611975346E7 -1.4382740046274284E7 -1.9519546239958018E7
0 26 -5.970791163237822E7 -5.881706532766297E7 -6.394394980022143E7 1.17533486837896E8 8.119309405900276E7 6.6167228140460126E7 1.1410030898649517E8 -5.9930119190778896E7 -4.513156211229721E7 -5.9924600439168654E7
0 27 -3.881482875891385E7 -3.823982925666516E7 -4.156551347685036E7 7.371184031887588E7 5.094570793778492E7 4.1510798766500235E7 7.158272954388568E7 -3.896307846518619E7 -2.9322432067408018E7 -3.895819895030013E7
0 28 -3.415458818123679E7 -3.363946990885157E7 -3.659562184473832E7 6.660525826564723E7 4.551952711398183E7 3.7005761108307205E7 6.464256952857318E7 -3.428101739553813E7 -2.583186826690261E7 -3.427694223687678E7
0 29 -4.217900355990962E7 -4.155083974781058E7 -4.516669503919861E7 8.448122982892337E7 5.8012733213882655E7 4.720326879106638E7 8.200470594375198E7 -4.2343903289179645E7 -3.196384805976737E7 -4.233100237972356E7
0 30 -1.1465162809733864E7 -1.1271187816652872E7 -1.2313148793003237E7 -2.30697052652873E7 -1.724386968036326E7 -1.4063030322580898E7 -2.235029944296351E7 -1.1397224857833726E7 -7880538.312366971 -1.1506002071500102E7
0 31 -2.2833857414924864E7 -2.2482336723757863E7 -2.4407971067838226E7 -6796605.169885509 -5887933.941826038 -4705910.341582365 -6678560.231431608 -2.274957978690265E7 -1.656225274330014E7 -2.291420256287511E7
0 32 -1.726534955542536E7 -1.6990996474562384E7 -1.8483798227623384E7 -1.4767343607441595E7 -1.1450192666053208E7 -9289127.8313271 -1.4354745784657834E7 -1.718907533001103E7 -1.2309856452029018E7 -1.7326344403542623E7
0 33 -957173.7639717277 -935448.0862400178 -1047685.4337321768 661383.04128939 162845.96289557804 52181.39942410331 652964.630248449 -954017.2617951531 -635299.4908761681 -960350.0336441995
0 34 -2085783.5389581462 -2046531.0621760802 -2249977.583029418 2860849.6076912195 1760477.8123938458 1366763.1405103654 2784849.877492308 -2080117.3403605812 -1506702.5378182528 -2092083.1888355683
0 35 -1522370.7388267168 -1491867.6722377571 -1649781.7233150785 1762854.5057359848 962924.441567342 710511.2135416302 1720591.9520909747 -1517957.1698395116 -1071689.7526508828 -1527111.0026582219
0 36 -1.5971639774607532E7 -1.5711826064291963E7 -1.7181783233018275E7 2.4190749483285725E7 1.5722919247711211E7 1.2518262367456181E7 2.352994212730958E7 -1.6022528817606553E7 -1.176966513285767E7 -1.6029669473617265E7
0 37 -1.926009364570918E7 -1.8954427786049638E7 -2.0684268024794757E7 2.9295337658120967E7 1.930574404355716E7 1.5456405441411434E7 2.8460064522612453E7 -1.9311650219393946E7 -1.4285554002466809E7 -1.9329705975724332E7
0 38 -1.7632726113657262E7 -1.734975134488412E7 -1.8950982351238143E7 2.6769213868868098E7 1.7532700194342665E7 1.4002397286738276E7 2.6020279193952926E7 -1.7683952500143874E7 -1.3040508138556598E7 -1.7696606486888327E7
0 39 -3.311514557207928E7 -3.256119708437853E7 -3.552649229113455E7 -1.9218832510606345E7 -1.6656423145763397E7 -1.4177461534350395E7 -1.868838938104622E7 -3.294180091551397E7 -2.340478286292829E7 -3.3228279031686336E7
0 40 -2.5519867806948107E7 -2.5112290277910873E7 -2.7211729446334776E7 -7.791771262866671E7 -5.635483662607551E7 -4.576318005022447E7 -7.575619703066717E7 -2.5204965746649113E7 -1.7503257741651386E7 -2.560245019726856E7
0 41 -2.80276633896193E7 -2.7566662166641705E7 -2.9980531240974598E7 -4.8098458363619365E7 -3.598201486780718E7 -2.9474983107376568E7 -4.67716601626318E7 -2.77882820116811E7 -1.9546412410556193E7 -2.8119546262940314E7
0 42 5666372.802717926 5616523.188127964 6018394.504916518 -6.356514101401705E7 -4.581862485765324E7 -3.745157190407113E7 -6.1696785436255924E7 5849063.557537011 5376712.331070019 5690767.659397999
0 43 1402237.23092567 1417116.8301029084 1479908.7255754902 -6.1797220554462284E7 -4.486940109205651E7 -3.676961390762987E7 -6.004193211835869E7 1613526.8311494996 2207842.409255636 1413141.2681739056
0 44 -2.1710182099200424E7 -2.133555429022106E7 -2.3241901586130418E7 -1.0191860791288112E8 -7.327149610498491E7 -5.952745577796051E7 -9.887690553218105E7 -2.139479775995894E7 -1.414880791389E7 -2.1780664122463692E7 -1220.5165515188498
1 0 22353.966741423646
1 1 22117.98363902075
1 2 23319.21856274072
1 3 -67420.21675789764
1 4 -57226.92588619839
1 5 -51580.07855861979
1 6 -66459.33801829413
1 7 22130.978221698086
1 8 16741.531634241644
1 9 22399.743316762273
