## ListNet
## Epochs = 1500
## No. of features = 44
1 2 3 4 5 6 7 8 9 10 11 12 13 14 15 16 17 18 19 20 21 22 23 24 25 26 27 28 29 30 31 32 33 34 35 36 37 38 39 40 41 42 43 44
0
0 0 0.049891206759774626
0 1 -0.05578014904652504
0 2 -0.09225030826361756
0 3 0.06819245065694761
0 4 -0.06509853289642806
0 5 -0.07748381679610845
0 6 0.009497586363873472
0 7 0.0985445089779929
0 8 0.07978400834636906
0 9 0.058992845986151635
0 10 0.0781324426151707
0 11 -0.0801502945634381
0 12 -0.06755178253610052
0 13 0.06495332022603163
0 14 -0.0023611807875671895
0 15 -0.03391637174143125
0 16 0.0308272331293944
0 17 -0.014755093862382442
0 18 -0.08884028166299153
0 19 0.047226393767225636
0 20 0.09500725382173782
0 21 -0.004703797467906403
0 22 -0.04065528042644908
0 23 -0.08658921257731657
0 24 -0.0826788297309382
0 25 0.09358625084528936
0 26 -0.06616139837859225
0 27 0.025022687968128787
0 28 0.004707772686843881
0 29 -0.04317218806423074
0 30 -0.02233830875839999
0 31 -0.05653954015430978
0 32 -0.09670552234022081
0 33 -0.04782953792783298
0 34 0.0033594586359069274
0 35 -0.03657521014844575
0 36 -0.07916843608905669
0 37 0.011209238512905206
0 38 0.055858733597355936
0 39 -0.031221912878947298
0 40 -0.00951725938149596
0 41 -0.05536533881581161
0 42 0.03748809752725403
0 43 -0.041274350032803914
0 44 -0.0028133809100830015
