## RankNet
## Epochs = 100
## No. of features = 44
## No. of hidden layers = 1
## Layer 1: 10 neurons
1 2 3 4 5 6 7 8 9 10 11 12 13 14 15 16 17 18 19 20 21 22 23 24 25 26 27 28 29 30 31 32 33 34 35 36 37 38 39 40 41 42 43 44
1
10
0 0 12126.758898728573 -7001.311944821439 -6810.564889879362 -6261.006424399818 -7479.675261055105 -7353.289938842216 -7032.152578321399 19897.790384397154 -223.96976550531645 65122.85174332814
0 1 18022.694870488427 -10283.109108219298 -10014.962221493439 -9204.266054087971 -10993.210861730207 -10804.940143149977 -10324.148911917116 29807.739217424456 -520.5176340953636 150607.12036553887
0 2 15211.697530121308 -8272.506322525194 -8044.283046301617 -7396.011451161965 -8855.357759187102 -8714.940301195807 -8327.44781010245 25109.718245117776 -1.1730849387653928 59236.00445379198
0 3 14176.051700480524 -7893.048890505831 -7668.805679093466 -7046.366354149479 -8431.901402419104 -8290.588461476524 -7922.722821072679 23547.755470971228 -161.4110209842866 128818.9737039054
0 4 2397.213081554006 -1421.850944548518 -1391.3465328407733 -1275.8600647426151 -1537.0523960014893 -1510.9076714450728 -1446.519918305673 3946.2213962234955 -1.414206050337154 -8666.80647115429
0 5 -9264.381879721837 4544.110656398993 4421.006850647629 4060.845739182068 4860.130374357077 4777.416213185969 4568.752244611193 -15648.542351380687 53.07065111297979 -104147.26659044951
0 6 -1220.1310562080223 618.1307851341502 603.0819887401501 552.5023952898555 663.868352074645 651.7646472229892 623.0021844436881 -2046.2877424393314 8.45275066248442 -12480.612944079128
0 7 639.7139756186212 -405.6858029233477 -393.12741804210674 -362.32527261464577 -434.4246640533642 -428.1346878896932 -408.2718473861994 1042.8536960338397 21.882565984814146 2871.3357443097366
0 8 -4631.796727273087 2005.9350980569411 1941.71951936482 1786.4832295270576 2125.755145151528 2090.550695586622 1998.8619733716282 -7827.1351582842 40.42209493765537 -83549.57195304135
0 9 1428.614142792951 -794.8962433299597 -773.0727152950404 -710.4376303307499 -849.8507039053626 -835.5402687158534 -798.1932388629331 2373.969671447628 -17.678862114089615 13867.601295889917
0 10 505.085329986686 -280.04360653013066 -272.51224988793035 -250.4752579502056 -299.50430439013655 -294.3931269571969 -281.1344038608693 838.9507405757921 -7.32829675410487 5052.0483859896985
0 11 -86.84812533015644 48.34193365818371 47.03570501656982 43.32767342596424 51.81033315635612 50.83134914160716 48.6040965200402 -144.6457713040171 0.35534081908559145 -962.2306349315205
0 12 -348.26826180866396 195.87566485284447 190.49080095668108 174.84074616882344 209.66767435789248 205.98556624689542 196.90757584699907 -579.4074712178691 1.0562202086353667 -3834.7853613464827
0 13 -203.38415513843432 114.5198113515733 111.38620614164671 102.22582443757713 122.40542643929935 120.22462773476559 114.91578137840209 -338.27495942632885 1.1613617234443545 -2196.1588049431716
0 14 -21.88092952851947 12.286290251684155 12.017618614674214 11.110670181678605 13.246672751730008 12.937832041843304 12.426168023529094 -36.36054503521763 0.0524552158920746 -242.8459648863494
0 15 11813.969662292562 -6599.693323360696 -6419.570695364902 -5900.179849297399 -7053.992310095163 -6934.033016021735 -6624.53632579155 19625.57068618162 -191.1393248929644 112308.24836371504
0 16 -4733.312706593627 2213.3811798849865 2135.9257759409315 1971.4416075663326 2351.490719128814 2317.1224389345143 2211.305985520577 -8062.953302988769 -135.3014458856431 -79684.6208279471
0 17 -3785.7079225232183 1984.317305492082 1930.196877416943 1773.1108466349704 2123.407003052046 2087.178507381364 1994.9980827162856 -6347.2517567101895 10.979370752286034 -40784.63913038362
0 18 -1463.3637185864286 775.8988145197292 754.9982480536493 693.2551635590494 830.6397425025267 816.4484523456371 780.3242460752965 -2451.58533661874 3.357401436850105 -15960.262131183455
0 19 -1340.476151151069 708.3697914095628 689.5998876655233 633.4507099409046 757.9145945014495 744.8424015016507 711.9506175693369 -2243.7540759366693 15.921946425704352 -14151.552145464813
0 20 -3720.162735750574 1956.098176408114 1902.9176537696387 1747.983969059941 2093.2884755312743 2057.4722110521484 1966.66009732296 -6236.353896960689 11.471322045280026 -40005.87868453105
0 21 68.69180795497137 -45.572286366573145 -44.43890523804891 -41.25188206562162 -48.334852959669085 -47.46816706240157 -45.33884598952085 112.0829583408702 -10.638751830092527 673.7120484700089
0 22 1554.9069060059276 -867.2824227532667 -843.6605276553595 -775.0608278479505 -927.5110190834251 -911.7621326721435 -871.0720293891698 2582.57682993953 -18.630333037950646 14765.865993715624
0 23 2640.1309306103926 -1595.997322596124 -1553.7169461561605 -1427.3397066606426 -1710.5663976668952 -1681.3138777462966 -1605.841217557836 4353.604040591978 -34.20749423095602 17554.811820607516
0 24 689.0306564504943 -384.80895183919444 -374.31000631777795 -343.9809024848325 -411.54728038948815 -404.4843743445277 -386.4387689433816 1144.793536332848 -8.319510698054943 6500.71419807744
0 25 1550.2412644503536 -863.6257565907861 -839.830848695747 -771.4923111434713 -923.2408751759043 -907.5471653473855 -867.3792555761222 2572.8152437648605 -17.49524543295546 13522.358282888072
0 26 871.0298275630669 -493.9045749790876 -479.9207899664189 -440.522497724068 -528.5961074513917 -519.6771972773349 -496.30550187036107 1457.74831687311 -0.5305630989175765 6149.228472313581
0 27 2030.7818034219463 -1132.7020526602223 -1101.3575986689991 -1012.18032447173 -1210.4186357709802 -1189.8529295395272 -1136.9480244395036 3379.0522659501 -27.731588241133103 18350.15434109839
0 28 659.9288236783501 -385.233023901686 -374.27316142286054 -343.5804223019383 -411.46377695848986 -404.36779808311246 -386.2991318160696 1086.1954239878248 -9.748198054688068 6323.33806966929
0 29 559.153339651425 -333.34836474501554 -323.5099200285547 -297.2232136972685 -355.59028625202217 -349.38856619166336 -333.93219177070057 919.3463075267489 -8.18241521244254 5310.58258237067
0 30 -1210.3818096417851 437.5084414932531 419.40934850551173 386.0831988246046 463.2800145752648 456.1475364089875 435.95967055746576 -2117.124433242171 -74.36544548975458 -30616.501212443116
0 31 -1363.8903450329349 519.7746967381329 499.3384982943408 458.2623837027221 553.2159135055075 544.2750030445651 520.4472520438759 -2374.486424928206 -101.09235059107912 -31763.435690337665
0 32 -1377.2482830753077 519.583529288358 498.9565714202536 458.25489932431526 552.3887029091817 543.656279976744 519.8629091470467 -2399.9221883056375 -98.77254234608988 -32613.27336069208
0 33 462.8476407739413 -346.61828137732806 -337.1811110109069 -309.5468372541764 -373.7513060114574 -367.4803627677185 -350.59044348576634 735.2931599820093 14.390555717830152 -3623.226136376488
0 34 -439.5443198931162 163.8926980630189 158.60129618446175 145.88702355012728 172.6987543808003 169.80852949266543 162.43398988500164 -745.3797734424382 10.764733159748207 -10650.86297786987
0 35 -323.2028442376497 82.83334647891321 79.73155857662368 73.4694072059431 85.31871994862347 83.85697809511102 80.42589049383754 -559.0312400497386 13.374222058271778 -11049.860467731547
0 36 1460.2577333284 -1020.868950155464 -994.6375653496025 -913.5260538852277 -1100.5620547300498 -1082.5608844859994 -1032.72166441211 2343.663187464241 30.681307538275913 -3167.156829033872
0 37 1201.6639608195164 -902.5151341836398 -881.673646139012 -809.662512223078 -975.444949531115 -959.0698539889833 -915.0699830793991 1902.208325197828 1.5029374851886146 -8248.537954645533
0 38 1264.351577062426 -931.2189522717979 -909.0892358277283 -834.9776446284725 -1005.9166560903476 -989.087002837873 -943.6807981464958 2009.3215307998923 8.580255545629697 -7020.5801465151135
0 39 -719.407074073106 135.65549252449998 127.10646741632202 115.96891804106863 140.22543080810505 137.4791916587755 132.43942978963452 -1309.2398804594957 -55.273058910459845 -27470.068696209473
0 40 -2137.746049089896 697.8483996764838 666.4870347972151 616.7595613907355 729.4031272791424 719.3079714262175 687.1508812900834 -3771.828798207217 -71.83426784661414 -61329.23833127564
0 41 -3145.04885413697 1340.9354797436351 1293.6964847176007 1191.3843128065416 1426.6459544699912 1404.5250621450957 1341.451659788054 -5415.56523450503 -127.43268222676187 -61251.64418834281
0 42 -480.0847843974923 41.41319610399848 34.73022790221239 31.791725773481904 38.18873055876655 37.728165227252475 36.8816842956615 -894.2129776504952 -50.79432880536708 -22048.722476964867
0 43 -1714.8041553714302 703.9663265855175 677.8648853341564 624.7515789420496 745.9241879198225 734.401289036786 701.7607713603841 -2961.853517943795 -57.51464761154192 -35892.454565306405
0 44 -843.6608210713443 -131.3341366662306 -135.29804389599425 -122.47922573696354 -158.16888428740904 -155.63766355690245 -147.36264319186682 -1660.8226670707968 -0.5992321599305311 -55159.56578878285 -7.35235297296394
1 0 -193.66356448560984
1 1 49.22982730541431
1 2 50.16886952361595
1 3 47.11354082101716
1 4 55.26773502658036
1 5 54.66777073063972
1 6 52.943535300356594
1 7 -268.09954750766025
1 8 2.246823412442186
1 9 -1454.6070521171102
