## ListNet
## Epochs = 1500
## No. of features = 44
1 2 3 4 5 6 7 8 9 10 11 12 13 14 15 16 17 18 19 20 21 22 23 24 25 26 27 28 29 30 31 32 33 34 35 36 37 38 39 40 41 42 43 44
0
0 0 0.04145953616709335
0 1 0.06783638238101382
0 2 -0.0835603419642559
0 3 -0.06615808493010657
0 4 0.033540587901487784
0 5 0.047174537481463406
0 6 0.007967139126207948
0 7 -0.0930390705255186
0 8 0.03869123208487558
0 9 0.09855905656221715
0 10 0.03342517981310184
0 11 0.01784663612649504
0 12 -0.06918815775053448
0 13 0.07906342025108012
0 14 0.019283069404868715
0 15 0.0729468581393193
0 16 -0.034416811139020745
0 17 -0.017525578116531805
0 18 -0.05612489225006283
0 19 -0.009697993266162238
0 20 0.07569917119615735
0 21 0.08334843706800676
0 22 0.061963978022976415
0 23 -0.01929377116208543
0 24 -0.054211627010358185
0 25 0.07469276759188061
0 26 0.0020840329768617278
0 27 -0.03050848775379595
0 28 0.04733928545965438
0 29 -0.03384374434829059
0 30 -0.0706584563747055
0 31 -0.05998208442390355
0 32 -0.03919703441799902
0 33 -0.007472096573071806
0 34 0.038957267885982416
0 35 -0.07014432765546469
0 36 0.07766003889775189
0 37 -0.019822555036464084
0 38 0.09432704664701146
0 39 0.06957675442895585
0 40 0.058787491065284476
0 41 -0.020901636991605774
0 42 -0.034942828650176345
0 43 -0.09949261336712613
0 44 0.06617878377437592
