## RankNet
## Epochs = 100
## No. of features = 44
## No. of hidden layers = 1
## Layer 1: 10 neurons
1 2 3 4 5 6 7 8 9 10 11 12 13 14 15 16 17 18 19 20 21 22 23 24 25 26 27 28 29 30 31 32 33 34 35 36 37 38 39 40 41 42 43 44
1
10
0 0 -39.3929316600019 -60.02778727102301 8.146652915788243 -60.986367191143 -54.848637865594064 7.79825699455557 7.931815063351338 10.26221089125136 8.037945054965235 -47.36565166033367
0 1 29.8760740009795 48.097726607393845 -29.878231627853598 48.60379292715401 43.12743303592617 -28.412865460530377 -28.799874409812247 -21.197330614794105 -29.22704842193933 36.52701810302068
0 2 101.0598009440339 152.96617836273742 -79.45172798710996 154.74588157376934 139.79406011858595 -78.44347897459222 -79.09962518288575 -60.266315851818305 -79.99837672597617 120.99513613817963
0 3 0.7851079325086913 1.2381205451656363 -0.5243281404030579 1.2345247546837665 1.0228734721718755 -0.5399072866264485 -0.5503328211100604 -0.3570009097878384 -0.45807302132002187 1.008561621221229
0 4 -6.720041756684271 -9.75047885727811 -16.339649722850094 -9.991123246131513 -9.131827405854771 -15.647482037859728 -15.844889719639857 -10.150733313186576 -16.09368739590567 -7.9833939680151484
0 5 -96.77331738496075 -147.8239328424695 53.8961231300376 -148.94582011548206 -134.415956936442 52.3489372131548 52.82613787775301 41.80159239558182 53.614191520304516 -116.01633429600939
0 6 -39.18557710320865 -59.91140044402443 27.689144843894187 -60.409238673803294 -54.34767323873807 26.84641733794008 27.145475188260022 22.59533210975304 27.42606524966128 -46.94480083701994
0 7 29.295646551405344 47.07122836879975 -30.801847350880653 47.36303394747335 42.28065986966823 -29.358990964725294 -29.613763394287794 -19.102081662350976 -30.35423490076657 35.972432960243935
0 8 -36.359699315943715 -57.24019081370064 14.455166951737592 -57.739441726451986 -51.588546735982774 13.759932527945583 13.918889585364346 13.381487845027065 14.04205865260641 -44.05663019062275
0 9 59.98892361333063 91.90784548151116 -41.925098370521816 92.66302167136905 83.64820822254393 -41.03237745595955 -41.2584676022853 -30.803834170412745 -41.79842729054645 72.01102553435923
0 10 30.51584552736652 46.871349275256584 -22.03798316525877 47.289277773861386 42.61362527827155 -21.54722529664104 -21.689550865871187 -16.218439574217694 -21.816844704829684 36.72206504195926
0 11 15.664925449747052 23.802990952512125 -11.183619152760475 23.994989319187017 21.789799639478126 -10.931797306051743 -11.025942981690138 -8.197067037285441 -11.252522738312173 18.638267028048116
0 12 0.14804283237164453 0.11356301386955903 0.018612826804489686 0.24172185517054473 0.13555212399346775 0.021645717871525562 -0.17048649185213344 -0.10506905221564825 -0.04947233953260867 0.18817166566665713
0 13 1.7433137611092162 2.5580015046381432 -1.2431339754550805 2.5084498134228457 2.318747659822966 -1.1440247669187213 -1.1856236891400471 -0.928925266076422 -1.1142854726040328 1.9548902887647706
0 14 0.0055632564776315375 -0.01133940699926076 0.06001873976121733 0.10292598147707939 -0.03149079605528981 -0.07380296729928461 -0.06307503658659662 -0.008766322821977644 -0.009835284748823694 0.11507398920861435
0 15 38.92326097188015 60.87384667344353 -32.428949039223895 61.51149068432406 55.09315031568393 -31.401890903509386 -31.664935780442075 -23.48236009039231 -32.195948197883915 47.185671503810624
0 16 48.23977066901522 76.20470383258825 -39.154921784109675 76.806045211327 68.60062189858154 -37.585909135911265 -37.88986000704544 -26.22683303438377 -38.659761119000905 58.620674260451935
0 17 3.0778855499116404 6.633532935672275 -4.950552964055454 6.549069913751601 5.404550672275959 -4.424807202636765 -4.510220203761998 -0.2909352806145246 -4.804863768232375 4.247849726860027
0 18 -0.2864507877523987 -0.2947419064781521 0.06286176104221729 -0.2941532936337395 -0.31921553915428036 0.0028295716058780967 0.017342364173223837 0.1130203914185292 0.030714024904722824 -0.319288289982812
0 19 4.487441009287025 8.830601450662918 -6.203573317428645 8.792671843882758 7.6147214148244915 -5.678229868129846 -5.534971111185174 -1.116788799672589 -6.0224900901695095 6.153811650847479
0 20 3.091252845844523 6.387714161260842 -4.935889112334225 6.392664893809884 5.445864149873115 -4.448115621879628 -4.2882652753941395 -0.14153178427128885 -4.72675365736837 4.2268162614747595
0 21 23.79183383563312 37.440683243498704 -16.242777753649282 37.76715826930349 33.842723874398175 -15.5100909925071 -15.60975424441349 -10.541506749348274 -15.944433281767562 28.866035157646387
0 22 68.80910678754516 105.4411743897618 -50.887818935564496 106.30948649251137 95.94314345488965 -49.630413667543465 -49.958066882301296 -37.54835567209072 -50.66301233075291 82.73753538125946
0 23 -11.356841314126275 -17.27665030231117 1.4267318202275283 -17.478630460609562 -15.8528137145587 1.3286249396263095 1.4354296243436704 1.5087305581766843 1.489590405750546 -13.554755752995279
0 24 1.3156301852885415 1.905414126112406 -1.2686534032444454 1.8597969936986327 1.6897384468790981 -1.2850090701892327 -1.288252286432476 -0.8391881874579645 -1.1915034781352583 1.5061770070522713
0 25 -11.43546198241818 -17.514017686420342 5.419429204506542 -17.650822621669228 -15.95315537504417 5.249287486349253 5.169634695045057 3.7965721880894594 5.3142301996919405 -13.828292848338785
0 26 7.2015292567960785 11.060118610445452 -6.627780144068229 11.15173027512145 10.035986023917443 -6.549515342331968 -6.547391002604663 -5.044436501122353 -6.62531236726001 8.631217390204752
0 27 12.697397008827766 19.215637441528987 -9.03507033291826 19.3915574924004 17.50376397653603 -8.773389685655525 -8.92245773393637 -6.6920676183056775 -8.96597406988881 15.085032457285216
0 28 15.01680849566471 23.224187369890412 -10.84857652312099 23.461461481007916 21.134439453330696 -10.389883731160559 -10.48953038273993 -7.757105600242722 -10.746362003179078 18.181765128617762
0 29 2.891320964537155 4.3997122527279 -2.0993170424706586 4.47933610702532 4.075435979745427 -2.1059270045319645 -2.071235292389034 -1.168651084199229 -2.1661077870488343 3.4691648164743274
0 30 -0.9624121689037336 -1.3502536476892841 -0.1459690086431215 -1.401488819718257 -1.148693045223801 -0.14475564795881446 -0.09215558156501225 -0.08448631639274325 -0.23427605397766088 -0.9948232439281373
0 31 -0.442161083011101 -0.8788915817190222 -5.61798750519606 -0.8276711775920008 -0.7119260792901114 -5.511435501377812 -5.560173639965664 -3.9374350407889884 -5.597939204783067 -0.6659055753886837
0 32 -0.8316813650689786 -1.25657369343672 -0.7460533536087526 -1.290627602744759 -1.2395941530932997 -0.734233729002055 -0.7757284173182565 -0.615590514217285 -0.8888826076912849 -1.1521064504152834
0 33 0.1571568463232078 0.3245017744074109 -0.36080344138853965 0.3985051865568383 0.37170276925560364 -0.26839585952847245 -0.19725829079203486 -0.21993997162277001 -0.34670828491205635 0.30502273775382804
0 34 1.4170939867760202 1.983255360475776 -5.263529470951876 1.922551921082868 1.7695244501738174 -5.053628979433503 -5.1519629109037615 -3.7776345182024804 -5.0900704203329115 1.5621438414181061
0 35 0.2886720791901053 0.3808912741546668 -0.6090919229022801 0.4278941317003653 0.4499572558107215 -0.5484276349140043 -0.47974789068566526 -0.2704558000546684 -0.47039980748815907 0.32729683034143875
0 36 -1.3587934256360141 -2.1889837615233287 -0.04525890620421649 -2.044936586652431 -1.8124401342736964 0.03965314086402503 0.025239294723954482 0.04092067872986293 0.060131335971311616 -1.6624485699120752
0 37 9.108272422009948 13.672382401254962 -18.709773677034175 13.989349564186556 12.594222852200287 -18.303903070261004 -18.50190764362378 -13.749947112310416 -18.686059958183687 10.898211043857714
0 38 -0.47316555639726093 -0.7423972002012114 -1.5626274201901071 -0.7737358734365585 -0.7123511975010449 -1.5824585301312402 -1.6088213431586815 -1.1579317276447283 -1.4681704768008446 -0.5468520773756576
0 39 0.45270842647764287 -0.6792099310075699 -9.863035832534058 -0.6695516547229936 -0.25867680626729594 -9.875993717545175 -9.921542713864518 -8.069107232860631 -9.919343495219893 0.07159125531175843
0 40 6.832290207629968 10.770562828540449 -24.41558794656907 10.782499585459675 9.674981583766073 -23.518435619025322 -23.96099145993236 -16.292328659862882 -24.256401450701908 8.351621505470465
0 41 17.79318806605203 27.20285304296144 -31.829863486362523 27.324889677890326 24.664003115990564 -30.813882941580065 -31.04627652928005 -22.070345285102192 -31.524955222334327 21.22097912956282
0 42 -57.236010923989426 -89.1979908907501 27.199826591462877 -89.84919046675526 -80.84323901267291 26.49447016653317 26.661521083354742 19.01166289248838 27.24585290113129 -69.3631879614315
0 43 -4.199963746541978 -6.975079552234137 -2.9851716871760066 -7.034035422920041 -6.220724180999387 -2.9681579440585533 -3.004428013167932 -2.9668709393048576 -2.996719900353942 -5.2295661787749825
0 44 -15.589962858267269 -24.55501011433841 -9.985974295444516 -24.47019428875006 -22.03680328108158 -9.97089763850598 -10.065078619607704 -5.840731851420616 -10.089843354197711 -18.89260197934353 -3.5693724670759615
1 0 -28.666639857277794
1 1 -36.61144573595698
1 2 15.049255394720683
1 3 -36.743275251799254
1 4 -34.64645934248059
1 5 15.2485495701152
1 6 15.298847846563756
1 7 10.444143999288105
1 8 15.308370958925723
1 9 -31.826571758971497
