## ListNet
## Epochs = 1500
## No. of features = 44
1 2 3 4 5 6 7 8 9 10 11 12 13 14 15 16 17 18 19 20 21 22 23 24 25 26 27 28 29 30 31 32 33 34 35 36 37 38 39 40 41 42 43 44
0
0 0 0.006478726473034808
0 1 -0.026567294108808797
0 2 -0.06843966138619106
0 3 -0.06590992602617671
0 4 -0.055052738634223775
0 5 -0.05858190615787696
0 6 -0.07908403328084214
0 7 -0.004623794088657175
0 8 5.626269636527723E-4
0 9 0.04375521654057138
0 10 -0.028760457421480368
0 11 0.06630604694584524
0 12 -0.0403277215604171
0 13 -0.09134684128010788
0 14 0.06770460276222721
0 15 -5.461940590045125E-4
0 16 -0.02363539939053358
0 17 -0.029612267309840512
0 18 -0.05517460358092854
0 19 0.08402445937753572
0 20 -0.015429180641109642
0 21 -0.062268285135920844
0 22 0.016833161202532067
0 23 -0.027130511644444525
0 24 0.04435158070613271
0 25 0.09455645121281583
0 26 0.015994979301993697
0 27 -0.006641184092854782
0 28 0.05107808975056667
0 29 -0.020698074779963046
0 30 -0.01962882741963589
0 31 0.010590661705559841
0 32 0.09389750859554312
0 33 -0.009604969989481437
0 34 0.07327070300360275
0 35 0.06592451182610012
0 36 0.05482106098861533
0 37 -0.004791391014278885
0 38 -0.06645835351040216
0 39 -0.05395403040158218
0 40 0.023463925396161035
0 41 0.08313702993682523
0 42 0.022755199576750856
0 43 0.015433165771677233
0 44 0.08859167993068695
