## RankNet
## Epochs = 100
## No. of features = 44
## No. of hidden layers = 1
## Layer 1: 10 neurons
1 2 3 4 5 6 7 8 9 10 11 12 13 14 15 16 17 18 19 20 21 22 23 24 25 26 27 28 29 30 31 32 33 34 35 36 37 38 39 40 41 42 43 44
1
10
0 0 -5.699860893361659E8 -6.109772220666794E8 4.764817143876338E9 4.745169206069189E9 -5.691631695168813E8 4.640474039672018E9 -5.879622551660179E8 4.675575120049877E9 4.595712038630577E9 4.750109349133502E9
0 1 -7.446791852057277E8 -7.988443521400354E8 4.667027009822671E9 4.64823515512065E9 -7.436064117472184E8 4.5464640450927515E9 -7.684744353008046E8 4.57933718043181E9 4.502366189194375E9 4.652679011755358E9
0 2 -1.6819699056957142E9 -1.803848305265005E9 1.5235417272274965E10 1.517345095199499E10 -1.6794700483113127E9 1.4841068108804247E10 -1.7353176961846497E9 1.4951858898915247E10 1.4698024333789518E10 1.5188634449017157E10
0 3 -3.225144267348586E8 -3.457000411943024E8 9.821130974223983E8 9.780995376050136E8 -3.220896687437417E8 9.562666865916085E8 -3.3276225393696606E8 9.632799392573075E8 9.468027088428959E8 9.790039900221599E8
0 4 3.671334902036724E8 3.934083122587163E8 -6.079805315193177E9 -6.054919533319754E9 3.6660741902885044E8 -5.921309605894231E9 3.78647315878922E8 -5.965528168367145E9 -5.863900817843679E9 -6.061050877894266E9
0 5 2.395358229643876E8 2.5653525675465646E8 -4.664078610742935E9 -4.644858328189096E9 2.392056402839478E8 -4.542654400473764E9 2.4698232559320542E8 -4.576682015455395E9 -4.498784383475104E9 -4.649684389690423E9
0 6 1.0824981688322786E7 1.1642434180966588E7 -1.3737955237136626E8 -1.368182520725513E8 1.0811912125960063E7 -1.3380132025189E8 1.1184341093125448E7 -1.347487196487017E8 -1.3249001626438332E8 -1.3695145954728034E8
0 7 1.6572968412817575E7 1.725731245894576E7 -2.1261363870086846E9 -2.1173730168766956E9 1.6565208711449925E7 -2.0707441102060807E9 1.6885389240828723E7 -2.08618151772675E9 -2.0507294164143796E9 -2.1195832148537261E9
0 8 1.1379730448733605E8 1.2136429128338547E8 -3.978530109198717E9 -3.9621301383711557E9 1.1363976062507392E8 -3.875152106260391E9 1.1709580326284832E8 -3.904241951119879E9 -3.837846482674221E9 -3.9662595568604493E9
0 9 -1.8830630769806814E8 -2.0199919272843826E8 1.823275018778833E9 1.8158208403390665E9 -1.8802080506249762E8 1.775801671782396E9 -1.942972183749079E8 1.7890803288223977E9 1.75860086945075E9 1.8176516149760664E9
0 10 -1.3260846821503337E8 -1.422164296421627E8 1.3256791921368196E9 1.3202472664292996E9 -1.3240815599564993E8 1.2911363004548008E9 -1.3681257899679095E8 1.300780570268479E9 1.278630856153464E9 1.3215785849608514E9
0 11 1815873.7697945454 1950392.0393401256 -1.6275717033017004E7 -1.6209611306002151E7 1812912.4616654755 -1.5852198184865315E7 1874443.3535172828 -1.5972116828183748E7 -1.5698320120762099E7 -1.622573223624015E7
0 12 -1150611.9343955175 -1225231.6508821307 1.3488654927273687E7 1.343246473161002E7 -1148879.1917536561 1.3131238672411058E7 -1183368.6511641436 1.3238328476899229E7 1.3003272284043893E7 1.3447097817978594E7
0 13 2003725.8775004023 2152107.2267743098 -1.366231847712033E7 -1.3606899687880827E7 2000887.609704944 -1.330682774434108E7 2068299.9774515661 -1.3403875349827658E7 -1.3176901101687053E7 -1.3620090509690352E7
0 14 2277029.1701922957 2444568.850986223 -1.6290652343000527E7 -1.622397247981159E7 2273564.5239160797 -1.5864475741875894E7 2350637.4368626326 -1.5982429029298564E7 -1.5709379495024638E7 -1.6239903572933406E7
0 15 -3.3636252621124226E8 -3.6074439076777864E8 2.7017604907598066E9 2.6907850042244725E9 -3.358679161854156E8 2.6316025032127194E9 -3.470538368339031E8 2.6510252621363873E9 2.6061130453388357E9 2.6934376631772804E9
0 16 -4.915212763698804E8 -5.2607508811528677E8 2.9492498091365614E9 2.9371445631400023E9 -4.908742658298331E8 2.87152703716737E9 -5.0676701304326266E8 2.893077106831464E9 2.843118299568481E9 2.9399942254616838E9
0 17 5.382946529757489E7 5.775315273093316E7 -8.534178072724378E8 -8.499238448516443E8 5.3753041187280715E7 -8.312968391590397E8 5.553833673377503E7 -8.37600507027349E8 -8.233137779909786E8 -8.507887528292307E8
0 18 -3194496.795324863 -3300015.143725587 -1.23833151413297E8 -1.2340020993910348E8 -3186195.5687326463 -1.2083629944095917E8 -3242754.5836306717 -1.2154875181456393E8 -1.1966184863138227E8 -1.2350533290948014E8
0 19 7.485832625715716E7 8.029225071270764E7 -1.017733717292579E9 -1.0135731683862405E9 7.475164869070269E7 -9.913272940344836E8 7.723052690244053E7 -9.988127403072217E8 -9.817882817728224E8 -1.0145992988141402E9
0 20 6.093986289161339E7 6.5373638405600786E7 -9.156134190872842E8 -9.118625538385975E8 6.085309161443722E7 -8.918627795165316E8 6.2872696290875085E7 -8.986200766240691E8 -8.832911921847183E8 -9.127896499440783E8
0 21 -6.364937159299925E7 -6.823435813040987E7 6.113787924915369E8 6.08885087471664E8 -6.355369120918141E7 5.954388909767951E8 -6.5656893734706104E7 5.998663627466549E8 5.896589444077464E8 6.09499596865285E8
0 22 -3.562337263119232E8 -3.821347423221572E8 3.2498570155981646E9 3.236578444205821E9 -3.5569376715972865E8 3.165209016105837E9 -3.675658440583583E8 3.188878623306043E9 3.134554830529102E9 3.239827224543023E9
0 23 -1.5858026702666676E8 -1.701209928848245E8 1.1284765916432986E9 1.1239135502801254E9 -1.5834229792242065E8 1.099042142099722E9 -1.6363493740035525E8 1.1072849817208548E9 1.0883681334386952E9 1.124994310900877E9
0 24 -4.625452477028781E7 -4.9570262572098084E7 4.300082449799373E8 4.282486709766356E8 -4.618492599978948E7 4.1880724281951773E8 -4.770593056484845E7 4.2194781363362134E8 4.1475163921971565E8 4.286814867851003E8
0 25 -7.545495796031137E8 -8.072194051971986E8 6.374538305530693E9 6.348557999653809E9 -7.534543358988212E8 6.2078430482553835E9 -7.776340891204333E8 6.255537326716435E9 6.147496647514685E9 6.354843143705023E9
0 26 -9963061.449573375 -1.0644495521037199E7 3.866685604209745E7 3.850913716979508E7 -9948405.754251726 3.7706293198036425E7 -1.0263631855564265E7 3.8040315769576095E7 3.735775877102478E7 3.85529775711114E7
0 27 -7.753581310644815E8 -8.295390487647791E8 6.633533844548832E9 6.606499224132994E9 -7.742329523825413E8 6.460063916863628E9 -7.991050475670546E8 6.509625518237131E9 6.397264117161456E9 6.613035704039563E9
0 28 -4.603634768914319E7 -4.9432101191102594E7 4.564717495600698E8 4.5458713801298726E8 -4.595610583581834E7 4.44536159710276E8 -4.751761576209717E7 4.4790665002865E8 4.4021265687783504E8 4.550523890650987E8
0 29 -3.30473568645989E7 -3.543291773643468E7 3.262563749847649E8 3.2492599218679684E8 -3.2998320108432643E7 3.177666798035392E8 -3.409205487359743E7 3.2014569226493186E8 3.1469427058265173E8 3.252505710672629E8
0 30 1.6737389314176077E7 1.6589525980365906E7 -2.1414920791656206E9 -2.1326467540135996E9 1.671309145644732E7 -2.0858218032806077E9 1.6657989049992831E7 -2.1022052715907812E9 -2.0659242822574303E9 -2.134961748776511E9
0 31 1.7447766701005194E7 1.823630057768664E7 -1.1454446475424337E9 -1.1407164522578554E9 1.743222746329528E7 -1.1155836402612984E9 1.781453820566703E7 -1.1240223532007034E9 -1.1048155004827914E9 -1.141918959528438E9
0 32 1.9958604992154002E7 2.0628910812467877E7 -1.5774428824771795E9 -1.5709300340471234E9 1.993842307127431E7 -1.5363601983114417E9 2.0267662578473043E7 -1.5481369729282935E9 -1.521590946496208E9 -1.5726031811820838E9
0 33 -1688969.5150925664 -2111807.630955826 -5.867787198981776E8 -5.843779444850366E8 -1686617.3833699322 -5.715305284211559E8 -1866875.268678704 -5.759594607660627E8 -5.660571790656437E8 -5.850046508021946E8
0 34 3239436.6630160557 3425071.4276186326 -4.1781558817207927E8 -4.160915279238774E8 3240311.040945603 -4.068806824750011E8 3328789.1902526086 -4.098688983942572E8 -4.0291303523625976E8 -4.165261619525892E8
0 35 2537276.7505679675 2555457.258762273 -6.41194195489512E8 -6.385563873460764E8 2539057.0911444025 -6.244555445089686E8 2556024.3130401787 -6.291319979691601E8 -6.18405205545585E8 -6.39229754529027E8
0 36 2.472714173316273E7 2.545778352509833E7 -1.9223188515998676E9 -1.9143863487383115E9 2.4705096331897475E7 -1.8723781039453857E9 2.5051080931093514E7 -1.8867903935850651E9 -1.854443983964059E9 -1.9164332354778876E9
0 37 3.565422510560214E7 3.788328323647266E7 -1.4283388333098567E9 -1.422446943169497E9 3.562596374310179E7 -1.391092368186165E9 3.666460543856459E7 -1.401327383850451E9 -1.3775769732098625E9 -1.4239151163680055E9
0 38 4.047581308363142E7 4.273347921607719E7 -1.933301040077309E9 -1.9253251969789572E9 4.044291157140817E7 -1.8829494115889542E9 4.149673665203115E7 -1.8970161891170819E9 -1.8647413981136665E9 -1.9273361612404451E9
0 39 -1.6977183053447285E8 -1.8179988090416202E8 -6.257833549389799E8 -6.231371297363613E8 -1.6950459136163756E8 -6.099293392123157E8 -1.750278824317266E8 -6.138750969367853E8 -6.042250262065468E8 -6.238917917095268E8
0 40 6.451503622086542E7 6.858080797129023E7 -2.972106265191435E9 -2.9598600839388924E9 6.445282973105484E7 -2.89457873841257E9 6.632991802387742E7 -2.9160234626756663E9 -2.8664918665998454E9 -2.9629116026109796E9
0 41 1.0591394635657373E8 1.1288042175378571E8 -3.0094499006433067E9 -2.9970505700670195E9 1.0579376765166928E8 -2.930848978100545E9 1.0900812574315594E8 -2.952640270031872E9 -2.9023597817285266E9 -3.000125855596364E9
0 42 -2.3328340162551877E8 -2.493520030875319E8 1.5092624636230588E9 1.5030715417115152E9 -2.3294794318039244E8 1.4694348683360329E9 -2.4033896682372004E8 1.4809769306903713E9 1.4549997758022168E9 1.5045529495533087E9
0 43 -1.5509073522258836E8 -1.6580536976517862E8 3.099878237760263E8 3.0873368032547E8 -1.5485699382609364E8 3.0151165249484825E8 -1.5978878611873952E8 3.0430445492388E8 2.9841694653809273E8 3.089907984646819E8
0 44 -4.4550286178321585E7 -4.835916531456795E7 -2.8136132376959977E9 -2.802017457864099E9 -4.447348563596636E7 -2.740441794242697E9 -4.622219344240862E7 -2.7608491619834137E9 -2.714048556443306E9 -2.8049682741196127E9 -7336.4246541709035
1 0 27116.51135381385
1 1 28455.106713326953
1 2 -340634.02474691445
1 3 -339929.86973043345
1 4 27088.921276377052
1 5 -336163.40240786754
1 6 27703.855548977786
1 7 -337411.2023335454
1 8 -334534.275801034
1 9 -340108.53958172735
