## ListNet
## Epochs = 1500
## No. of features = 44
1 2 3 4 5 6 7 8 9 10 11 12 13 14 15 16 17 18 19 20 21 22 23 24 25 26 27 28 29 30 31 32 33 34 35 36 37 38 39 40 41 42 43 44
0
0 0 -0.10066963795660218
0 1 -0.25687450903159326
0 2 -0.25963655182924833
0 3 -0.1520549908893637
0 4 0.026392363024657743
0 5 -0.009702396260540395
0 6 0.033285983058046885
0 7 0.0453918256574762
0 8 0.11035391075193188
0 9 -0.06924172053258845
0 10 -0.08583691472765456
0 11 -0.08819982997814615
0 12 0.07999557234921724
0 13 0.02240019334735238
0 14 -0.02964241674247787
0 15 -0.1508388767576596
0 16 -0.10175250032606377
0 17 0.004913435372648072
0 18 -0.0652798257164239
0 19 -0.024819236337788122
0 20 0.0983767011171259
0 21 -0.03356515119209073
0 22 0.00340096229113444
0 23 -0.10425599012148969
0 24 0.0576264626739621
0 25 -0.06819951874709478
0 26 0.025061089790597048
0 27 -0.1564584913039401
0 28 -0.001593156909520455
0 29 0.05933390605297843
0 30 0.0739703496768686
0 31 0.003399541668266737
0 32 -0.06633758501885353
0 33 -0.06853458480494175
0 34 0.04544924245504565
0 35 -0.006975076844452426
0 36 -0.06689656904300592
0 37 0.07158628649249814
0 38 0.05656974395577043
0 39 0.035940137429852345
0 40 -2.957055018811197E-4
0 41 0.1009318115943238
0 42 0.006070279327546282
0 43 -0.07751969571788601
0 44 -0.009091812185897389
