## ListNet
## Epochs = 1500
## No. of features = 44
1 2 3 4 5 6 7 8 9 10 11 12 13 14 15 16 17 18 19 20 21 22 23 24 25 26 27 28 29 30 31 32 33 34 35 36 37 38 39 40 41 42 43 44
0
0 0 0.16917947213987164
0 1 -0.10347425390021954
0 2 0.046561774858330254
0 3 -0.09794751339318833
0 4 0.024670049258974956
0 5 0.1552003676877891
0 6 0.11196534006671917
0 7 0.06665692244054063
0 8 -0.05272767299942187
0 9 0.09225629633937522
0 10 0.06093406333887431
0 11 -0.11049091554905002
0 12 0.027255250557879224
0 13 -0.0901225767071634
0 14 -0.0804503568602783
0 15 0.00867579464947887
0 16 -0.14759279353914287
0 17 -0.0036620824234368664
0 18 0.09010765384424944
0 19 0.10593379833383562
0 20 0.1655834335697631
0 21 0.07980753643718161
0 22 -0.03509634397744734
0 23 -0.04030090152109804
0 24 -0.003478983738900547
0 25 -0.11857665228221043
0 26 -0.006376887277835617
0 27 0.028127051751472218
0 28 -0.014304512833580021
0 29 0.04830508679923426
0 30 -0.02712308282468159
0 31 -0.17515747279823057
0 32 -0.03311432112391198
0 33 0.06463392184685425
0 34 -0.07174452773211255
0 35 -0.08763240358736059
0 36 0.04555581120895903
0 37 -0.12020642896548096
0 38 -0.15001062286030079
0 39 -0.08398883757488167
0 40 0.031682761320563545
0 41 -0.06529677928339021
0 42 -0.08390935960058188
0 43 0.022044525340976135
0 44 -0.09454967826620725
