## RankNet
## Epochs = 100
## No. of features = 44
## No. of hidden layers = 1
## Layer 1: 10 neurons
1 2 3 4 5 6 7 8 9 10 11 12 13 14 15 16 17 18 19 20 21 22 23 24 25 26 27 28 29 30 31 32 33 34 35 36 37 38 39 40 41 42 43 44
1
10
0 0 -4.19926908982129E9 -4.1722458224929624E9 -3.795061391966096E9 -3.9631512896458206E9 -3.4364416062957296E9 -3.9546648477761693E9 -3.6406794239108458E9 -3.450839012019522E9 -3.380056684032419E9 -3.6975910673460135E9
0 1 4.323846954298335E9 4.312663972800808E9 3.9074823890813317E9 4.081016269201608E9 -3.637265893213035E9 4.0672347341333985E9 -3.8234271002800965E9 -4.540897564292619E9 -4.451779246013858E9 -4.902181323080635E9
0 2 -2.3201693489846918E8 -2.3931611879484427E8 -1.7181968534594515E8 -1.9517227668239188E8 -7.172474453101237E9 -1.9209046649178442E8 -7.441676452538273E9 -9.626140226713945E9 -9.45987179315725E9 -1.0246952382982204E10
0 3 1.222820494036409E10 1.2187292331812672E10 1.105494823116737E10 1.1540899972255045E10 -1.0212042307239176E10 1.1505789111208967E10 -1.0713256184812672E10 -1.279518974064351E10 -1.253910194702707E10 -1.3801691016861847E10
0 4 -1.9600017805571587E10 -1.9545025049713852E10 -1.763356901249223E10 -1.844490506547317E10 1.148214059030633E10 -1.8385530632165226E10 1.2026584157789694E10 1.4088679485471188E10 1.3807027420418816E10 1.5190354995418434E10
0 5 -3.571523428703975E10 -3.5612540591995865E10 -3.2233860437514343E10 -3.3670098452422955E10 2.4912050677576633E10 -3.3565958955894978E10 2.6099444647479435E10 3.0904037845239223E10 3.0289403757741653E10 3.3294602688794357E10
0 6 -1.0023730368594257E10 -9.98906829824791E9 -9.01955213999931E9 -9.431894060997011E9 6.839433992407426E9 -9.405028371962198E9 7.166725654792464E9 8.693409134116419E9 8.510696145221398E9 9.405236414640919E9
0 7 -1.2217059768741562E9 -1.220055861101837E9 -1.0735165348119756E9 -1.132967041146206E9 -3.203726328321787E9 -1.1284315468352463E9 -3.3556272768342624E9 -4.314942407158119E9 -4.2239513657804503E9 -4.652389262789398E9
0 8 -1.0342085285631495E10 -1.031223622659985E10 -9.317024525992317E9 -9.739112199542036E9 3.8369297731486983E9 -9.709275932975044E9 4.014561838304438E9 4.509864797922684E9 4.426040212800421E9 4.854186452878396E9
0 9 2.1152744580625553E9 2.1082054871346388E9 1.9108666654283524E9 1.9953655385333595E9 -1.6325669494101486E9 1.989326674516717E9 -1.7118035541016166E9 -2.0686636801567304E9 -2.0265258392956235E9 -2.2318870184029393E9
0 10 3.0334882063004713E9 3.023010615100663E9 2.738933055933767E9 2.8608358307870593E9 -2.3272856849748363E9 2.8520150872061405E9 -2.4402784900980725E9 -2.9430084786164875E9 -2.8830010861914654E9 -3.1754282233722754E9
0 11 4.51615273034376E9 4.508114860907204E9 4.0397789830254188E9 4.2348904069123125E9 -4.1781682733495755E9 4.219517766145783E9 -4.37731228589977E9 -5.237882236435147E9 -5.1328639313677E9 -5.643489332166812E9
0 12 2.5256190749105005E9 2.5217396322894516E9 2.2589906897167435E9 2.367898888508996E9 -2.3382434328689394E9 2.3593434969443517E9 -2.449076851929117E9 -2.9330383346574726E9 -2.874450874546353E9 -3.158988170115247E9
0 13 1.7213251128011985E9 1.7189080704901435E9 1.5388453136226707E9 1.6133849724824214E9 -1.5957426113027186E9 1.607495946617681E9 -1.6716484865595388E9 -2.0005346785850048E9 -1.9605064762259922E9 -2.1549582075181994E9
0 14 4.195221215616038E7 4.2011838163194396E7 3.7595774358465366E7 3.9254791324853644E7 -5.615774097755822E7 3.910337592499087E7 -5.830281539134348E7 -7.087141133579403E7 -6.971278165678422E7 -7.535383304672487E7
0 15 1.0870826754241447E9 1.0848088923570993E9 9.82413520233782E8 1.0261487092456062E9 -9.397465811844457E8 1.0224778473915881E9 -9.887339702236603E8 -1.1706839252363493E9 -1.1479524677572541E9 -1.2643249560569272E9
0 16 3.3325341652711425E9 3.302538520006741E9 2.9881717119779463E9 3.1213633911275663E9 -4.8726478006630745E9 3.1198410491747947E9 -5.119743373998967E9 -6.116224206693783E9 -5.981278663141856E9 -6.624402550024155E9
0 17 -1.6792123343588404E10 -1.6739148269363068E10 -1.5152557281967714E10 -1.5829419300434868E10 1.2108891653165628E10 -1.5783101403176943E10 1.2681991898525146E10 1.5286742943712246E10 1.4978597841938692E10 1.6497591180483395E10
0 18 9.332715611899534E8 9.310664958159467E8 8.364310275151148E8 8.760579088078982E8 -1.2080583604099443E9 8.724187886305565E8 -1.267042859041905E9 -1.5042007886064777E9 -1.4742914759959507E9 -1.6182390662942977E9
0 19 -2.174042642463745E10 -2.1672757625956856E10 -1.960806428918076E10 -2.048920042498208E10 1.550289127649671E10 -2.0427663676728413E10 1.6236920854918678E10 1.9573238505247E10 1.9176501219546738E10 2.1135170301234795E10
0 20 -1.6896657016252466E10 -1.6843377182521475E10 -1.5246581997284916E10 -1.5927771678253149E10 1.2205094793404385E10 -1.5881116639677582E10 1.2782824233001375E10 1.5407457210275541E10 1.5096871574874245E10 1.6627745509345388E10
0 21 9.216233273733664E8 9.18637267312932E8 8.318220562771091E8 8.688852245709279E8 -6.274994967503097E8 8.662345055015413E8 -6.663469729562286E8 -7.996649386096071E8 -7.820915579160432E8 -8.662273276209205E8
0 22 7.608006822967841E9 7.5827245214286175E9 6.872087305292829E9 7.176304199553568E9 -5.890785848602069E9 7.15448171016061E9 -6.175765605837248E9 -7.448597304733817E9 -7.297095375610458E9 -8.0359814247667055E9
0 23 4.047536356483807E8 4.0161135715760094E8 3.6881547756970364E8 3.834585196472474E8 -1.3613970557327676E9 3.826594441444215E8 -1.4315668909052012E9 -1.7551055077206244E9 -1.717529647760633E9 -1.901021467116681E9
0 24 1.0484194321003518E9 1.045075761057381E9 9.462676948488523E8 9.88548471121158E8 -8.144531490145501E8 9.85447185248871E8 -8.537109728778492E8 -1.0322540852377074E9 -1.0113168632156962E9 -1.1135092305681806E9
0 25 7.593053416219099E9 7.569107077700029E9 6.857773546272883E9 7.162076707462155E9 -5.980289128696332E9 7.139943644492641E9 -6.267968842690544E9 -7.511053957049973E9 -7.35871724663869E9 -8.102458842119021E9
0 26 1.0357042180219233E9 1.0322691434867665E9 9.35500744659965E8 9.769665373942792E8 -7.944171636260151E8 9.739747603625457E8 -8.316520635706654E8 -9.961427301798131E8 -9.759313720757089E8 -1.0742159768371115E9
0 27 2.301681319428592E9 2.293760710574251E9 2.0793570581473675E9 2.1712565861743712E9 -1.819689674380196E9 2.1647949922674937E9 -1.9079075100247529E9 -2.295493440844218E9 -2.2491731134675007E9 -2.4755857702542586E9
0 28 1.2648610005653353E9 1.2601269234731956E9 1.1416739480932348E9 1.19266269556925E9 -9.736290347669147E8 1.1891690056433659E9 -1.0206288349619075E9 -1.2373088251050096E9 -1.2117641890568435E9 -1.3359288614316535E9
0 29 1.0335731338550534E9 1.0299744554815401E9 9.333955300280395E8 9.747969076502221E8 -7.908264675703293E8 9.718792492788545E8 -8.29207548601944E8 -9.936107512709229E8 -9.733191136589905E8 -1.0720701834039459E9
0 30 5.263071030510831E9 5.245666386919618E9 4.726551102684663E9 4.947074414911739E9 -6.9597846234048395E9 4.930786781240539E9 -7.326908928564819E9 -8.756869652915028E9 -8.569080034567118E9 -9.499870579326681E9
0 31 5.621963900124156E9 5.61568319196406E9 5.037974533128811E9 5.280039896988033E9 -6.640643302687758E9 5.2584356052792E9 -7.0087413628852215E9 -8.311431535245898E9 -8.125974465757626E9 -9.056122612271545E9
0 32 5.75740876530516E9 5.749499884959833E9 5.160655536532961E9 5.407772463250377E9 -6.8958503048442955E9 5.386152249356881E9 -7.275703052200549E9 -8.63674347605501E9 -8.445002326121623E9 -9.405251061440403E9
0 33 -1.0190646409155567E8 -1.0271536160299955E8 -8.607976419790031E7 -9.298914137257642E7 -1.2902299042761288E9 -9.137104933357213E7 -1.35421874395418E9 -1.6854909766654384E9 -1.64762110085086E9 -1.8269858668013241E9
0 34 1.9073133135234852E9 1.9079704685958235E9 1.702465119765646E9 1.7857045852040439E9 -2.332605532979514E9 1.7785540957892828E9 -2.4545930375160766E9 -2.9540363992478743E9 -2.8901936063525352E9 -3.2010137935394006E9
0 35 1.85429501702541E9 1.8548701343369122E9 1.6555433905347295E9 1.736266119878872E9 -2.384368682618519E9 1.7294162622347083E9 -2.5087759430265384E9 -3.0238365771761317E9 -2.9583663403000665E9 -3.2766972458059545E9
0 36 -1.3261633507643373E9 -1.3257307615212016E9 -1.1964156065417445E9 -1.2504950636530025E9 -3.225454840545965E9 -1.2455688770917218E9 -3.39307107090555E9 -4.2546082543915634E9 -4.1581094991035323E9 -4.623807727813958E9
0 37 3.1961534643469725E9 3.1933356348684564E9 2.8546238757700124E9 2.994214093062125E9 -4.890318120080455E9 2.982244534244579E9 -5.154462514731945E9 -6.168082132768034E9 -6.027105825094617E9 -6.72165399020923E9
0 38 2.793004185213186E9 2.790466768880222E9 2.4933355342087893E9 2.6157095013437877E9 -4.808606679307335E9 2.6052456298860574E9 -5.067665109174777E9 -6.084003210376486E9 -5.945024322936955E9 -6.628741660140681E9
0 39 4.1765993261197205E9 4.171296275661059E9 3.733394736984318E9 3.9143185818368134E9 -5.262579013011636E9 3.899403217613336E9 -5.546410081824075E9 -6.6030689403545065E9 -6.452138173335004E9 -7.195307438700825E9
0 40 1.716492551551828E9 1.7058011522498763E9 1.5565851444377334E9 1.6212210536922486E9 -4.860698784815726E9 1.6189429248131115E9 -5.100786004651414E9 -6.349025440832495E9 -6.210583030337577E9 -6.869246171015293E9
0 41 2.3556675952988405E9 2.3437141100626316E9 2.1292013298285797E9 2.221859658759721E9 -5.115298521487577E9 2.216847341656746E9 -5.371565146726968E9 -6.621220986180089E9 -6.478264859736315E9 -7.165494974851749E9
0 42 3.560662587852481E9 3.550800538666148E9 3.197687945773608E9 3.346307979120598E9 -4.777369635619648E9 3.335523157280145E9 -5.023072981169848E9 -6.045601747427249E9 -5.91558677466888E9 -6.551711377048382E9
0 43 1.310333840788201E9 1.3025910390535865E9 1.1873534222362037E9 1.2373561582535534E9 -3.7628296830113883E9 1.235115874996931E9 -3.9493967668325043E9 -4.864808757676902E9 -4.760542869755344E9 -5.260714267380292E9
0 44 -1.3384198475000644E8 -1.3627257993717596E8 -9.281130358927216E7 -1.0816669458033128E8 -4.790304453590914E9 -1.06650009579527E8 -5.022608885876225E9 -6.336572639923923E9 -6.202450232509287E9 -6.840253716067473E9 -74533.82150433927
1 0 -368443.41979566833
1 1 -368067.1551608764
1 2 -348425.34749868605
1 3 -356773.0946523432
1 4 281761.23079224234
1 5 -356122.0644793065
1 6 288496.06935307046
1 7 333775.76081610937
1 8 330121.02609237575
1 9 346907.8786149212
