## RankNet
## Epochs = 100
## No. of features = 44
## No. of hidden layers = 1
## Layer 1: 10 neurons
1 2 3 4 5 6 7 8 9 10 11 12 13 14 15 16 17 18 19 20 21 22 23 24 25 26 27 28 29 30 31 32 33 34 35 36 37 38 39 40 41 42 43 44
1
10
0 0 71705.11738210113 51461.642534302955 88862.00170850637 106133.45466779782 -1759454.9141259433 8280.83206029744 -1.2354583698239367E7 -2865976.2381351385 -151645.33324649217 127613.73637822304
0 1 -0.010270577855408192 0.02473427727818489 -0.022706996649503708 -0.012625152245163918 -0.05638078600168228 -0.015467959456145763 -0.022375047206878662 -0.0971565693616867 0.04585116356611252 -0.09298176318407059
0 2 72606.8598093433 37604.14548624586 73718.51080701334 103892.0819954829 -1529317.416910709 6186.464017804249 -1.1149240374076283E7 -2461001.1457801014 -127553.61132581516 112348.97812602854
0 3 -1.8416046805214137E-4 0.006452369503676891 0.09514091908931732 -0.049929022789001465 -0.06097954511642456 -0.044729191809892654 -0.0819660946726799 -0.0864465981721878 0.05604894831776619 0.0036011398769915104
0 4 -49195.46176481858 -55615.5470729843 -95186.69702806613 -67599.0834063427 1559825.2786876843 -20093.85586309891 3823095.384907094 2402975.7345071025 140797.6819319215 -98632.39829048664
0 5 -102124.83094102524 -113368.02027182284 -194267.09587287038 -141284.11566994534 3330151.3057187707 -44146.663478310926 1.5998766561433297E7 5218985.311042746 295718.8795953395 -197652.15183224448
0 6 -3507.6415954291833 -6301.278633584452 -10099.37232938351 -5834.913546661517 158366.98682749883 -2286.4330777013593 731666.7587671313 248937.08285342477 15036.386089399983 -10181.585867915046
0 7 -27756.124781322807 -19914.302138769657 -38465.010629784054 -36500.29009552154 682212.9982955124 -6446.271918003009 -1938556.3609974834 1006500.6500863419 58543.457656293984 -49018.264487769025
0 8 21400.42855563686 23021.04799033229 36458.53468765946 33809.98504523003 -701036.7717363572 7987.402863418203 -1.3078158276562186E7 -1199007.5414707693 -61049.23374140494 42827.5792787997
0 9 29525.164820146347 40126.192537979696 65990.10833932759 41261.54673862316 -1106772.7572776037 16260.783003717364 -7852787.128971462 -1755541.4947390798 -99220.04228700575 61104.10246441609
0 10 9910.667269252624 14756.34020791938 23936.127694875613 14029.980479434817 -390102.22836168547 6083.51893341332 -2603877.963987552 -617907.4454672605 -35482.249873581386 21055.817163306347
0 11 936.3570459213853 1502.4325584113042 2381.846442958933 1312.397957065537 -37773.89581681238 613.9104167924717 -311751.85577380925 -60198.84143548488 -3462.9614765982383 2020.1858189989755
0 12 -1745.4649658510857 -1767.4986675849248 -3268.040689233726 -2530.0543333258524 58085.30338828158 -877.0208817341735 241954.1676480844 89532.55632701008 4970.780802908169 -3384.699243901521
0 13 -458.41505740512594 -338.70152930652534 -735.393065938907 -674.440518181048 14769.006663822585 -218.5206240124958 -24492.36658239759 22265.880874863684 1207.4975810691221 -835.0339577287408
0 14 71.4036279151371 287.39224668049985 408.05213657309554 116.32307341696917 -5508.936349693094 111.5099333536107 -52165.365393066844 -9006.269536306087 -546.6794622915473 226.958759732179
0 15 -0.06619809567928314 -0.008754563517868519 0.08260015398263931 -0.06018926575779915 0.012184828519821167 -0.09474734961986542 -0.002357953693717718 -0.0911230519413948 0.08461867272853851 0.04459857940673828
0 16 -99821.0498958121 -90417.88118353831 -161074.90854456674 -139355.3770524797 2861543.3125321795 -31581.91697430671 1.3464046990143225E7 4456312.768133208 248878.81958178894 -191101.3195985191
0 17 -70096.2923115196 -66229.58660130005 -115499.9486171964 -100955.10067373062 2026315.2444330424 -21428.88971180899 1.213436802597308E7 3193360.121291623 178547.11967555934 -139527.00046240527
0 18 -25157.50553668827 -26095.73256388155 -45092.148116136486 -35923.91539215671 776345.5208546298 -9546.655891344444 4755447.030588936 1222413.5474222954 68791.80853705562 -49472.88480788716
0 19 -68301.91413009213 -64121.7701825088 -111882.14369218785 -98450.76675878667 1964997.8824411882 -20557.026793439192 1.1843044205121482E7 3097577.415810489 173079.63082718526 -136068.9543672014
0 20 -69340.1771471358 -65427.02552091241 -114103.87265206566 -99889.1635811504 2002437.6959111122 -21137.85655971085 1.2057887072978072E7 3156285.909832018 176433.96102264413 -138008.0208344014
0 21 -3497.9562840958306 6118.018114558649 8042.835662553954 -5240.481982128059 -81329.08612378982 4546.9812864024625 -604653.2889607864 -130133.74540128294 -9116.178569397764 -5006.49159110432
0 22 68306.77753051408 87838.06195852232 145084.29108959783 96998.82372274833 -2453891.014190459 34391.18392316976 -1.8381758984202582E7 -3913505.1312448075 -218709.47122192493 142190.1049471522
0 23 266.4650577695158 1413.2015850388723 1708.1665331278718 928.7095269013122 -47495.597175042305 821.3207101219989 -2689444.0068248264 -94076.61826981299 -4149.929184759301 1112.7735416960977
0 24 8972.079068881461 14895.313469546134 23953.964702954636 12671.280088417458 -385000.91988248914 6548.602996035423 -2879350.8143966375 -613233.7722905453 -35178.83101272614 19058.636151053845
0 25 -4088.064348180366 -7954.682141002453 -12848.020174513387 -6701.904559167979 190479.21988839965 -3716.280841070211 1183912.4041421334 296013.1694225778 17975.442052126953 -9691.503066996964
0 26 4539.422757709121 6453.471016245584 10732.945132208159 6415.635285049763 -178689.73047481524 2621.3666711602214 -1365123.092729341 -283036.5936812398 -15735.513763174959 11090.06166666323
0 27 9894.914349782759 14055.938284759011 22431.716003721383 14134.506259070627 -374749.7245531005 5455.822706877145 -2553687.729565569 -593794.5913031782 -34104.28061504445 20610.327289900848
0 28 9428.488380206398 11535.641345734031 19225.333818369447 13834.512218685255 -322378.4743118792 4304.020768285331 -1980966.8094100484 -509218.42212643864 -29130.274257637127 19709.254982798673
0 29 -1270.4359456604045 1098.9132049890468 1278.5531383907628 -1864.70949948247 -9291.137977160852 1024.751478252387 -40599.26956836303 -14703.644461410604 -1330.429790493995 -2093.1688044870452
0 30 -173159.20826841693 -138506.03648367457 -251337.42940582402 -254243.1075660218 4613424.252809188 -42481.09825784883 2.6962551970194023E7 7236062.127504038 398768.6051752431 -333185.1908285678
0 31 -123504.41803763059 -99834.20732005163 -181948.34207191464 -177597.25789652002 3331733.8540586075 -32135.10941203936 1.6707245411634795E7 5191920.750851528 287432.19943113596 -235052.95594078358
0 32 -138636.54538833414 -111698.2263111124 -203296.57189935807 -200673.0897637187 3725431.2755312202 -35426.34883369245 1.96424709999965E7 5817190.301720158 321588.6123457951 -264763.4085841967
0 33 -16510.38583962139 -12531.869801498911 -22983.633614736143 -24336.80979186477 430193.9631213891 -3741.451112149618 2368389.385304561 672132.3954059412 36980.18517174153 -31168.805937911096
0 34 -14701.791395507578 -9664.869917050766 -19148.302183980002 -20042.931648660928 373120.4112134105 -3208.2441196775517 710669.0779786725 565585.0872855543 31041.40857299065 -26036.375474542234
0 35 -17021.284310665837 -11993.166444246477 -22877.872453233605 -24080.554502242525 437339.79303750524 -3780.8907419957986 1574649.2746604814 672522.5400655845 36954.20948656553 -31068.1493982988
0 36 -154529.38711661912 -123327.22249824175 -223808.1860410675 -226746.0580984066 4096683.2401864515 -37771.94314143192 2.2949203860963732E7 6415988.344087186 354399.50599994336 -295399.1125147447
0 37 -76180.74606276343 -58446.52320960296 -108498.13347263462 -107115.16091008381 1992502.0713020277 -18613.127154045083 6568892.782428069 3067236.6484182165 170981.70527049247 -140862.76277016735
0 38 -96657.3974256898 -75327.70554835783 -138575.63656955078 -138231.15132537045 2541564.2622354417 -23620.050296988968 1.0697564623666989E7 3939365.528948829 218798.5652131191 -181098.294307179
0 39 -19794.02910766515 -10846.947749437777 -24116.593005470335 -24946.129396438784 458903.5535337943 -4120.637408631985 -3650160.938226404 645630.54930529 37320.60474144939 -30516.33998237651
0 40 -49.406336387594486 1133.9846035762835 -657.3642138666785 5100.284118744262 -49421.58838105725 -1242.7056897785744 -9110115.052342994 -173627.63196509753 -4663.368238007361 9839.364862078257
0 41 22351.4862246181 21044.37729815089 35270.02448961386 36665.5031357284 -700292.7184577754 5993.993659857474 -1.2905784401445689E7 -1194360.4546902461 -60882.32546055237 53106.58762300683
0 42 -30123.69246004295 -24553.273711445956 -46490.53615154717 -40421.6271643855 829297.8109279263 -10021.243902699909 615480.193110804 1248615.2139103885 71085.53395985538 -51036.77747248244
0 43 36599.48849468035 31278.53354836628 52764.46923513156 60795.21276170414 -1011841.1667138351 6944.113014126616 -1.4640137395862373E7 -1685677.5786199546 -88673.88498206007 82400.33829667504
0 44 -2390.8871264755503 -1421.3733157928032 -4792.578667988187 -896.3667954761481 12409.754604426582 130.68342815548223 -9605871.963428859 -76050.86331731506 2391.100894864948 -5858.521469580325 193.03562201245174
1 0 257.3859783316346
1 1 -140.5720131300871
1 2 -321.86068756063383
1 3 125.3393473961139
1 4 1013.2154669634947
1 5 -67.29371078743192
1 6 19230.103150744846
1 7 2304.1846722182822
1 8 138.59685274261938
1 9 -226.67941125127032
