## ListNet
## Epochs = 1500
## No. of features = 44
1 2 3 4 5 6 7 8 9 10 11 12 13 14 15 16 17 18 19 20 21 22 23 24 25 26 27 28 29 30 31 32 33 34 35 36 37 38 39 40 41 42 43 44
0
0 0 0.01099947627181037
0 1 -0.01138315163552761
0 2 0.060595329496723034
0 3 -0.003941559698432684
0 4 0.08138348960588664
0 5 0.1505503000408111
0 6 -0.08489751628266426
0 7 0.09899859048090717
0 8 0.06825242280564861
0 9 -0.020271356287255196
0 10 -0.03167116245559626
0 11 0.010300769407582346
0 12 -0.052975278936077654
0 13 -0.006873580891001239
0 14 0.009773285553115407
0 15 0.0960259661078453
0 16 0.12551570898779119
0 17 0.07153643899034959
0 18 0.0283567696067504
0 19 -0.013402112592083456
0 20 -0.029260964644001707
0 21 -0.026675187660468603
0 22 -0.0035696438466935924
0 23 -0.010325098386297136
0 24 0.07793019333204498
0 25 0.029332954901750412
0 26 -0.059434037288591146
0 27 -0.00737578804279695
0 28 -0.019325023517520776
0 29 -0.0875525414197998
0 30 0.09099956737073762
0 31 0.14319660065797413
0 32 0.16725162114472844
0 33 -0.05006085162643608
0 34 -0.05059810620598196
0 35 -0.051042576669368594
0 36 0.19691086866077334
0 37 -3.8583688601665774E-4
0 38 0.07316783343169019
0 39 0.007797145457349306
0 40 0.032668647576603656
0 41 0.05656344371121418
0 42 -0.07721294128427303
0 43 0.020767238449217056
0 44 0.06483989953994751
