## RankNet
## Epochs = 100
## No. of features = 44
## No. of hidden layers = 1
## Layer 1: 10 neurons
1 2 3 4 5 6 7 8 9 10 11 12 13 14 15 16 17 18 19 20 21 22 23 24 25 26 27 28 29 30 31 32 33 34 35 36 37 38 39 40 41 42 43 44
1
10
0 0 788476.151080507 798728.8313184956 423073.54961338313 519717.5041881175 -741230.3704580433 744006.0242854869 782293.0306394844 752204.8535964724 472956.50074350956 797789.256812375
0 1 -2415271.320444753 -2437384.473087385 -1407500.1184642336 -1692761.8844206166 339431.1724527656 -2303469.7651858903 -2398042.232779046 -2323121.303684755 -771689.3773950657 -2431715.447773088
0 2 -4341386.6644288665 -4374331.476870317 -2867883.1522252467 -3305257.607268097 1611412.016507479 -4183339.8428312903 -4316870.423698621 -4211734.033617251 -1550891.3378044607 -4364000.475659023
0 3 -36491.74393020302 -36796.35192774295 -23121.22622993767 -27052.005160484012 13639.840186623052 -35062.86347655789 -36256.41653375974 -35316.73137718758 -12144.364773868327 -36696.71008237777
0 4 -1410020.660521511 -1422183.2344322398 -870683.1213957431 -1027970.2126781013 -70886.11173268997 -1351955.2758181032 -1400292.5346437844 -1362655.9966736913 -354999.8430140795 -1418977.9022207602
0 5 3616746.9638408353 3644550.4412560775 2359834.1267792904 2735066.7814936 -1776684.8275836252 3483580.05635129 3592681.410451746 3507591.9678385886 1361647.4344181414 3633635.7304899516
0 6 2222829.8706602687 2240281.4800518053 1430929.3197051738 1664900.7858970654 -883462.0051924153 2138993.5596743375 2208717.391569967 2154141.2626972655 860419.1802267986 2235055.8276121123
0 7 -2553391.829382222 -2574731.93321999 -1577021.8218185313 -1861876.1465943384 486106.7977780028 -2446422.388877292 -2534765.2082651686 -2465225.326726438 -705319.3567852724 -2566404.931520405
0 8 1428424.1095142616 1438803.0936875942 913845.9235700032 1068467.9361286908 -716869.9125877708 1375849.8890609571 1419949.0573950568 1385259.0538176177 637017.8052843268 1434455.126797607
0 9 -3232568.2231173194 -3257419.4519174327 -2088758.0454438478 -2428441.381530697 1206355.296778834 -3110809.57678131 -3211695.082479385 -3132394.861739162 -1112382.0959727415 -3248498.9988396335
0 10 -1656930.136109141 -1669697.0289475718 -1073890.8920266363 -1247400.283022167 605237.3810195755 -1594957.6271322833 -1646220.0872710247 -1605967.8515751506 -573791.1234602878 -1665135.6408769062
0 11 -824330.2439996636 -830645.9936543229 -535906.4417993999 -621719.8343155468 302006.19967876014 -793605.2501130139 -819028.5622948015 -799066.5442313234 -284790.23045871296 -828390.7966619383
0 12 -5640.050106809329 -5682.011267895067 -3680.69550134816 -4266.16315712343 2210.715337694305 -5431.455487722558 -5602.644563822287 -5468.342758034592 -1900.7803956672165 -5665.894514912907
0 13 -92156.05386099951 -92868.54779807688 -59454.18753638276 -69182.94672902912 32407.782495988413 -88668.49779021657 -91549.65609289975 -89283.88894927801 -30838.1452506034 -92602.32752257031
0 14 -932.1012648902076 -939.146107637524 -606.2899440568419 -703.5850252990456 359.5435421817606 -897.1808251909596 -925.6195515547284 -903.35106812436 -316.16997408198256 -936.1258849691496
0 15 -2512170.913710071 -2533712.578484585 -1532334.0036973013 -1815006.1208433204 603877.5106900838 -2405096.9191941787 -2494929.427591748 -2423974.9998415103 -828407.0846915591 -2527376.346409276
0 16 -3304980.0003871173 -3331907.8028125633 -2079089.3872518453 -2437693.952406081 905503.4545499276 -3171216.2704007123 -3281971.258263112 -3194767.7761495584 -1023649.9419334199 -3321516.554252868
0 17 -539177.9940235526 -542841.4076112641 -362060.8892314286 -416840.4770779516 51487.05303538557 -519449.4632339109 -534619.9759656122 -522751.38552429684 -69039.4524579861 -539637.4699503776
0 18 -6519.289210860733 -6554.787575462301 -4552.178590936515 -5186.932700140429 -5345.336900538118 -6275.175261226195 -6453.784397432675 -6314.210726953104 1921.0575365320299 -6496.402540491727
0 19 -644453.4500376973 -648871.158295814 -431283.5062643977 -496935.4089116386 84976.80470826829 -620938.2128595415 -639224.5311249082 -624939.4284895519 -105006.2194327522 -645390.112482029
0 20 -534017.7866456383 -537639.6780960538 -358679.025239883 -412934.4605739262 49925.615161899594 -514485.4039362822 -529495.8277891752 -517753.7907483666 -67485.25866004927 -534455.6731734292
0 21 -1469694.7910044624 -1480878.387670563 -939948.4071233869 -1097774.0977839385 530350.7927142223 -1413702.6059127592 -1460088.899843178 -1423527.7931882518 -475728.54461484944 -1476965.6716928943
0 22 -3987048.081599503 -4018029.242410448 -2564929.026241346 -2986117.306816705 1425770.1872759655 -3835264.094896927 -3961082.8920659903 -3862136.541764382 -1375417.051546836 -4007169.625258876
0 23 46514.69968846866 46587.87677759313 46086.427505069536 48067.28441024082 -217984.6807558267 47277.99975267142 46336.50167293419 47029.26894173144 54578.1861067461 46453.277477844706
0 24 -132071.7034161792 -133165.52588063775 -81478.21735983469 -96387.26787224358 27326.29211828514 -126601.53487410684 -131064.90726898106 -127494.04290554949 -41044.40726862979 -132743.70377636014
0 25 430104.0580921397 433629.4499599858 278519.56960060203 324010.2479203076 -230014.41848490297 414129.28224725235 427007.326882416 416702.7386406725 147140.8179701886 431831.52201638534
0 26 -564019.5458797892 -568303.5665584999 -368598.24194677226 -427076.9782783883 186894.82358100032 -543280.982798841 -560948.6533537984 -547204.6021549109 -197774.2641257802 -566801.976002218
0 27 -793648.2945187102 -799538.7559791778 -513166.7216129131 -596951.0318059758 308176.79783957405 -763662.5527002467 -788483.37663819 -769137.7564966347 -273575.1222416492 -797550.5132283053
0 28 -994491.7121705835 -1002041.868052538 -637770.5942070981 -743669.6824708247 365022.8171725754 -956784.888784524 -988175.4664792146 -963596.1095851781 -337302.41973604594 -999411.7925590834
0 29 -160568.5337188678 -161971.2404124639 -97375.43067039031 -115575.8472966689 43702.19912546786 -153407.11362612387 -158951.71038376808 -154581.51975649965 -44097.531349123696 -161111.4599251381
0 30 -19742.34934668166 -19965.10091067054 -10431.365018289964 -13000.977866846593 -15926.406298916925 -18710.611804823526 -19629.825045994396 -18904.26416296542 -3013.22660828504 -19979.909950340512
0 31 -217202.59839802724 -219327.9188975508 -133909.15972397296 -156507.75741479872 -34589.95063542734 -207423.58708587196 -215942.80164266305 -209197.79912243053 -42793.28950582454 -219238.4701495402
0 32 -45972.49294380286 -46450.24809391063 -26715.893030506508 -31981.045197090574 -19273.365070904423 -43769.15487422902 -45707.73061844854 -44175.013315157004 -8237.934674008691 -46452.48189225706
0 33 -23104.188808230138 -23292.760392081836 -15136.90559838535 -17512.883100100058 6606.500418637754 -22263.244977983264 -22956.407753776824 -22415.98754597891 -7406.662878914815 -23225.909249028846
0 34 -375025.1718424 -377963.27600301034 -245670.3345846714 -283619.13580335287 58602.91188260748 -361061.1187390839 -372900.8165709064 -363730.337885174 -116839.02501746653 -377666.19404403586
0 35 -38850.16018954109 -39161.9392825788 -25451.72774838215 -29419.98224036855 8987.441333108869 -37422.4112365286 -38613.543055870934 -37687.707544102035 -12306.637138595455 -39083.93032243246
0 36 -13178.909249429928 -13338.75601033681 -7070.56087580274 -8724.47538554488 -20026.585144537803 -12510.81313959529 -13127.490772773936 -12650.220733777673 -2985.562536488566 -13393.586387854364
0 37 -1297747.3188735074 -1308302.0029963485 -840139.9801090129 -973809.7639422318 246945.04097874922 -1248278.0064043887 -1289804.4301931837 -1257228.1271161954 -431705.6229156326 -1305710.8807947908
0 38 -117425.46824104583 -118429.81638148462 -74652.9236574994 -87025.17122317242 1273.875124277613 -112794.43482262216 -116734.04946394243 -113649.54662561814 -37754.8673671659 -118271.11829926571
0 39 -498343.11678264255 -502298.35956676066 -345188.4515748566 -390637.97939107404 75120.0490317873 -482237.69889816607 -495924.46512408473 -485301.6212864409 -194758.20387217484 -501968.8780982916
0 40 -1901007.568935654 -1917131.1775836945 -1186554.8153565975 -1394041.4176133089 164595.3275857526 -1822775.091010569 -1887928.9976436994 -1836757.59683123 -539175.1128243207 -1912175.659977832
0 41 -2671295.304278083 -2693124.697040075 -1694669.7829246821 -1981827.216865173 475559.5026949178 -2566005.9712971593 -2652994.7657810035 -2584836.7785291323 -834108.3021614539 -2685813.953299771
0 42 1834218.854954261 1848073.7192965613 1194653.859617512 1386480.7938452708 -952481.5371617755 1765596.4174490224 1821535.1771601737 1777504.549705978 619127.5010789705 1841351.7243368828
0 43 -332259.61858970264 -334793.15200092725 -225398.64171374947 -257204.37837258092 49410.99606015531 -321472.8379829781 -330596.3452972034 -323466.6908546541 -144451.1494882566 -334307.73967082996
0 44 -681974.790168253 -688898.5509954158 -401261.05532858154 -479071.92030311376 -310985.71314888523 -649491.7490559347 -677313.6341935281 -655372.1272293966 -114181.84223797952 -687844.494508397 -75.07729030410451
1 0 4467.733778676684
1 1 4493.063291563211
1 2 3341.244159467214
1 3 3676.180313708673
1 4 -3617.772825963418
1 5 4348.951940428653
1 6 4450.773678123566
1 7 4371.098061697282
1 8 1527.4685946921986
1 9 4489.706366177304
