## ListNet
## Epochs = 1500
## No. of features = 44
1 2 3 4 5 6 7 8 9 10 11 12 13 14 15 16 17 18 19 20 21 22 23 24 25 26 27 28 29 30 31 32 33 34 35 36 37 38 39 40 41 42 43 44
0
0 0 0.20227743119307123
0 1 -0.010085910848806478
0 2 -0.1656332279708583
0 3 -0.059934965536517844
0 4 0.0064873443453029485
0 5 0.05407013924278135
0 6 0.00364127482804348
0 7 -0.11995765865698886
0 8 0.00914066320197864
0 9 -0.0793414222584022
0 10 0.07845467894255422
0 11 -0.10815614369669864
0 12 0.06402123651573095
0 13 0.034920441293536504
0 14 -0.04245383041482835
0 15 -0.13639105813961616
0 16 -0.1482935267491676
0 17 0.007106023767367812
0 18 -0.09366569571058835
0 19 -0.04563171164506437
0 20 -0.05123588683964719
0 21 0.06871135123190929
0 22 0.03151694730023051
0 23 0.09989199657134092
0 24 0.016166364417567632
0 25 0.04763190204674976
0 26 -0.08127627177339863
0 27 -0.0028735841479497976
0 28 -0.057438501490751935
0 29 0.04885204695482701
0 30 -0.020744646589539565
0 31 0.03895605608782937
0 32 0.015889506205251355
0 33 0.04602660773727331
0 34 -0.06424838221877219
0 35 -0.022905229819472222
0 36 0.018542289436194372
0 37 4.099385456005024E-4
0 38 0.009285925298171321
0 39 -0.07530048925871294
0 40 -0.10696157774145057
0 41 -0.03889549533683312
0 42 -0.022802782491468134
0 43 0.005250808672403683
0 44 0.05173697322607018
