## RankNet
## Epochs = 100
## No. of features = 44
## No. of hidden layers = 1
## Layer 1: 10 neurons
1 2 3 4 5 6 7 8 9 10 11 12 13 14 15 16 17 18 19 20 21 22 23 24 25 26 27 28 29 30 31 32 33 34 35 36 37 38 39 40 41 42 43 44
1
10
0 0 -2.987780195189439E8 -1.9857340380064315E8 -1.425482916304902E8 -2.5968317040220976E8 -2.850389239438542E8 -1.6467126443589544E8 -1.2092158326812793E8 -2.848233142881692E8 -5420255.281187141 -2.7367555464443046E8
0 1 2.0067616235024062E8 1.4305760855594146E8 1.0971924252822223E8 1.732967903908241E8 1.927375292187835E8 1.138746010208676E8 1.1492244770283583E8 1.9277131437448478E8 5.6625430832727075E7 1.8375585929413193E8
0 2 -7.401980522642326E8 -4.9266473871151173E8 -3.503349638560078E8 -6.451526057314677E8 -7.06586725303731E8 -4.0412193011681753E8 -2.7745484643419117E8 -7.074683151114416E8 1.645742419229869E8 -6.84409208964334E8
0 3 -1.4970206309914038E9 -9.906768355276879E8 -6.961125963903594E8 -1.302649924215603E9 -1.4282613063394082E9 -8.072884202057179E8 -5.440240150997928E8 -1.4274276806530118E9 5.3378966457709795E8 -1.3784346830678039E9
0 4 5.260367685181888E8 3.3892452115430665E8 2.392868609755221E8 4.5195297535994357E8 4.9991180998631716E8 2.741727781388205E8 1.8591187603169268E8 4.996333963109816E8 -3.0243990143997145E8 4.791848728674216E8
0 5 -1.4955518993022695E7 -3.091133857868232E7 -2.492481753567596E7 -2.7796341926644616E7 -1.9966214239519764E7 -3.2707282411642842E7 -2.714571562709871E7 -1.9874440989216838E7 -1.8951552103630418E8 -2.5529048791841686E7
0 6 3.9979038212652814E8 2.6503763992974252E8 1.8758201740346867E8 3.4822030550772965E8 3.8160662845797795E8 2.1699162521382028E8 1.4443896002422297E8 3.8136188863508034E8 -1.8314100197823137E8 3.6791613716639346E8
0 7 4.731447808162486E7 3.8194022332262434E7 3.0292940938759033E7 4.501901841531943E7 4.6686554212696664E7 3.321992223196467E7 2.6521691487130057E7 4.659243417850064E7 -1.1567432520040356E8 4.5789287154699676E7
0 8 3.3001049991116423E7 1.7009407468888998E7 1.3471717733299175E7 2.507920778778707E7 3.0029034063256674E7 1.271693859456553E7 6823515.249661247 3.002122653354147E7 -2.2076148068256825E8 2.6506494282742716E7
0 9 -6.063869302886958E8 -4.0927072835842586E8 -2.903311227024898E8 -5.3279215255398494E8 -5.804980060606468E8 -3.375956040391347E8 -2.2526657297181493E8 -5.80117224663163E8 2.1851399817264444E8 -5.62308440040949E8
0 10 -3.20063425430915E8 -2.1596046278101015E8 -1.531661477311269E8 -2.812389337854463E8 -3.063749750111961E8 -1.7821340630924472E8 -1.1841626630273837E8 -3.061665980982668E8 1.1612411923208982E8 -2.9677435178589034E8
0 11 1.008530344569555E8 6.738807259101795E7 4.73866814503799E7 8.837264664374194E7 9.647828991850747E7 5.528973209148853E7 3.6687173005464144E7 9.639649508061554E7 -3.940027174247582E7 9.340978151235855E7
0 12 1.2102591769815227E8 8.105573522841333E7 5.711918451319088E7 1.0611318140119427E8 1.158030882348904E8 6.657128207039372E7 4.429389762325687E7 1.1570654729219595E8 -4.742817164054472E7 1.1211557649054639E8
0 13 1.098943136768209E8 7.372620917426817E7 5.198080064595001E7 9.642511087629372E7 1.0516897865670615E8 6.063788339071892E7 4.028663307110087E7 1.0507765471221164E8 -4.315649176813677E7 1.0186031382292621E8
0 14 7.68336895541164E7 5.153803213123017E7 3.6319227445841394E7 6.741861306158197E7 7.353409769703905E7 4.237360017954579E7 2.814476727414599E7 7.347061128564839E7 -2.964283729571315E7 7.122780160109736E7
0 15 1.820432093586467E8 1.2478386487244119E8 9.119317495969509E7 1.586800284537675E8 1.7426911423414707E8 1.0157960430780794E8 7.991295763748214E7 1.7421210832752055E8 -3.496552166749831E7 1.6773468149580505E8
0 16 -5.281460890355026E8 -3.489491819385054E8 -2.439119783885424E8 -4.6106594019470507E8 -5.043270914709339E8 -2.8632031961167175E8 -1.8212454214237893E8 -5.039224117773466E8 1.722619170997386E8 -4.87795453675463E8
0 17 1.181539590256014E9 7.834590281825207E8 5.534946332592343E8 1.028714919753668E9 1.127262580968663E9 6.410637611522756E8 4.2733250148182416E8 1.1264737686157734E9 -5.0753470558565074E8 1.0869873758156698E9
0 18 3.4231777935184085E8 2.2558680475164354E8 1.584620041997547E8 2.9756416755286264E8 3.263494077743765E8 1.8447468396522585E8 1.2110667334872678E8 3.260536581153745E8 -1.5791405153529316E8 3.145646754834738E8
0 19 1.1682168449348543E9 7.748484768908447E8 5.475014322796141E8 1.0172182835441635E9 1.114596954825319E9 6.340635046861422E8 4.228424058480539E8 1.1138191320261486E9 -5.014355312513479E8 1.074801145442629E9
0 20 1.1799656334383354E9 7.825115543036153E8 5.528453836867363E8 1.0274060651379343E9 1.1257872450093782E9 6.403255131012585E8 4.268557114250486E8 1.1249999361120217E9 -5.063686647151004E8 1.08559704140763E9
0 21 -2.3854901873510492E8 -1.6172128129842263E8 -1.1493244572773007E8 -2.102347642440905E8 -2.286122429765953E8 -1.3393885529715978E8 -8.822505543171312E7 -2.283968309255241E8 9.674766670305365E7 -2.2155985397493166E8
0 22 -1.0569051850881509E9 -7.129811186311927E8 -5.057387795229187E8 -9.283217223943264E8 -1.0116869869207132E9 -5.878879010222995E8 -3.9249719419179296E8 -1.0110352258738259E9 3.860096996317536E8 -9.798153599631196E8
0 23 -2.340384796147553E8 -1.5375846556476253E8 -1.0733792288034819E8 -2.030106838257613E8 -2.2304378986071703E8 -1.2528210500516415E8 -8.242855498523861E7 -2.2290921252256352E8 6.555807830982684E7 -2.153019497895072E8
0 24 -9.935932455556197E7 -6.683147637455772E7 -4.734649319269109E7 -8.721163929722214E7 -9.507005626315944E7 -5.5123118266654044E7 -3.649707319026497E7 -9.500397209936358E7 3.722338362113764E7 -9.204683405202377E7
0 25 -5.683327111924945E7 -3.5789359578198865E7 -2.4043686973172408E7 -4.863238142897723E7 -5.38130697416094E7 -2.911393845279298E7 -1.7398104372760456E7 -5.38837332149753E7 1.1406283541151948E7 -5.208108253072986E7
0 26 -2.5370535036137897E8 -1.6461408624761555E8 -1.1496620465930793E8 -2.1910661334597382E8 -2.4130905882542533E8 -1.3371012531461793E8 -8.831566338502468E7 -2.4120677732684943E8 1.0069267645531026E8 -2.3234269200514457E8
0 27 -3.774070646906045E8 -2.5022906035372448E8 -1.758907823377411E8 -3.290836380019908E8 -3.60375811672871E8 -2.0527067817705083E8 -1.358614032280705E8 -3.6017230933128077E8 1.3050335118984178E8 -3.481936737668805E8
0 28 -4.1218812669917995E8 -2.733415566827029E8 -1.9214069135209557E8 -3.5960000151666903E8 -3.9346942087105685E8 -2.2417344091939571E8 -1.4766416106773138E8 -3.9319999263097924E8 1.442636093121623E8 -3.8031424625925326E8
0 29 -1.039671358559793E8 -6.997353192577875E7 -4.9462915051969774E7 -9.136336642050542E7 -9.954955432149243E7 -5.780136744080619E7 -3.8127180950169004E7 -9.949024909898615E7 3.641342354274108E7 -9.643991949410805E7
0 30 -4.74710196545382E8 -3.1347513607773006E8 -2.2604867399431333E8 -4.105272610740954E8 -4.525397909715272E8 -2.5432576061497617E8 -1.7904747630807063E8 -4.521887393522927E8 2.0565738673877388E8 -4.3307696991371924E8
0 31 -5.3292480340606964E8 -3.528683133080603E8 -2.538913616647287E8 -4.60934521856675E8 -5.081326056511285E8 -2.854564981308765E8 -2.0369698503246528E8 -5.081894793247206E8 1.5255477345168686E8 -4.874650655012501E8
0 32 -5.0996213890101653E8 -3.37322389896458E8 -2.4290791393284142E8 -4.4105096266147465E8 -4.8620335407321775E8 -2.7317747085371846E8 -1.9395323436984065E8 -4.860958404059946E8 1.7410573303046885E8 -4.6600188719707274E8
0 33 2.98936761129689E8 2.0085750546932793E8 1.4150559350255513E8 2.6258327880177283E8 2.8608422234089744E8 1.6564054347524825E8 1.0891414117163387E8 2.8594440368267953E8 -1.0453544710931292E8 2.774084301581406E8
0 34 3.9288579575421554E8 2.628285965055852E8 1.848778147484504E8 3.4470682634241855E8 3.757890268225997E8 2.1682571275376424E8 1.410154410642342E8 3.7552441645327663E8 -1.5695038238980684E8 3.640480390725686E8
0 35 3.461257707199765E8 2.319845353893063E8 1.6329072588955656E8 3.038325464653476E8 3.311414269972357E8 1.9134998750599766E8 1.2503808055117913E8 3.309389275335367E8 -1.308625822359243E8 3.2092603907376045E8
0 36 -2.1048085174584717E8 -1.368682254252573E8 -9.881507415911104E7 -1.8048876689786944E8 -2.0005919801646143E8 -1.106717319054276E8 -7.843159841366333E7 -1.9966909466547155E8 1.0816408009395014E8 -1.9015750642644325E8
0 37 -2.3641587136983117E8 -1.542594231634436E8 -1.1056270335096334E8 -2.0276233909281382E8 -2.2473161952021614E8 -1.2413494615425771E8 -8.956964187613624E7 -2.246356805884463E8 5.9539343815135494E7 -2.146353411409675E8
0 38 -2.2617526709780037E8 -1.4739240025685823E8 -1.0592407867918573E8 -1.93967480351185E8 -2.1498956006080508E8 -1.1881891223240946E8 -8.517171497639015E7 -2.147774681685825E8 7.873915030600578E7 -2.0497011503484282E8
0 39 -3.868643374439196E8 -2.5581399577602077E8 -1.840452994355991E8 -3.34378167003038E8 -3.6875690707068133E8 -2.072612434167871E8 -1.4742730898150188E8 -3.68723894754538E8 1.0815829934066051E8 -3.5354257635767245E8
0 40 -1.5190300268145385E8 -9.541043255646332E7 -6.698428117220807E7 -1.2749869797959077E8 -1.4343141664624894E8 -7.473659209850027E7 -5.409056561609749E7 -1.436652000074808E8 -5.9440913056721434E7 -1.3657911096908775E8
0 41 -1.8790903931659618E8 -1.2027075381649531E8 -8.525570473021504E7 -1.5918456226328442E8 -1.7803144029505786E8 -9.511261302250126E7 -6.866518014726187E7 -1.7828947494309878E8 -3.866047615333565E7 -1.7000113580265692E8
0 42 4.3725208708898324E8 2.958730075679615E8 2.1090237109144413E8 3.83092070602365E8 4.1822900760100955E8 2.419087501365476E8 1.708508049997421E8 4.1844267560842574E8 -1.1714670283311991E8 4.0505116227055293E8
0 43 3.1623091458122194E8 2.1502708109900647E8 1.5283861693255624E8 2.779968989278847E8 3.027140171848601E8 1.762316929556587E8 1.241172154275706E8 3.0288027381721556E8 -9.231232182966906E7 2.938481737785465E8
0 44 1.352506536057386E8 1.0082851634201239E8 7.731651358161044E7 1.2381161369783862E8 1.317670886462341E8 8.513185492891566E7 6.3725382161607936E7 1.3173305601958735E8 -2.0385352632519E8 1.2826320249076849E8 31985.616627220064
1 0 107359.15273814785
1 1 85827.15427006854
1 2 70063.01806766576
1 3 99687.03466627559
1 4 104676.33479837286
1 5 77223.87125629939
1 6 60870.974507135346
1 7 104600.9464226893
1 8 -30634.8938968862
1 9 102914.02448184424
