## ListNet
## Epochs = 1500
## No. of features = 44
1 2 3 4 5 6 7 8 9 10 11 12 13 14 15 16 17 18 19 20 21 22 23 24 25 26 27 28 29 30 31 32 33 34 35 36 37 38 39 40 41 42 43 44
0
0 0 0.0643228492660429
0 1 -0.055096685014378595
0 2 -0.022768207106195492
0 3 -0.07767571440180965
0 4 0.0699538672538623
0 5 0.03641597553992344
0 6 -0.054821298640960185
0 7 -0.026520319355766125
0 8 0.07420195636814002
0 9 -0.1048064459624741
0 10 0.06437078714271748
0 11 0.05509846138259685
0 12 0.01807284977953595
0 13 0.029472632604861385
0 14 0.1014014263453083
0 15 0.0802101702468448
0 16 -0.09144001247947356
0 17 0.038027881288920894
0 18 0.08622147122370356
0 19 0.04258956707699567
0 20 0.09802782622570458
0 21 0.03174943020787691
0 22 0.05184924066150945
0 23 0.08150108259961114
0 24 -0.0134723815498588
0 25 0.029908640289464168
0 26 -0.06334784007563085
0 27 -0.07348512293146035
0 28 0.058078311210251095
0 29 -0.09491733195552943
0 30 -0.03095112266362936
0 31 0.01255402989106674
0 32 -0.023093707902005562
0 33 -0.03734655542353559
0 34 -0.018463133426955415
0 35 0.055640442949092844
0 36 -0.029187742535066074
0 37 0.05601900321172809
0 38 0.06563216774741464
0 39 -0.1107148754433703
0 40 0.07736052906075776
0 41 -0.10119353207136841
0 42 0.057730783302979254
0 43 0.08566312361621092
0 44 0.008524847216853875
