## ListNet
## Epochs = 1500
## No. of features = 44
1 2 3 4 5 6 7 8 9 10 11 12 13 14 15 16 17 18 19 20 21 22 23 24 25 26 27 28 29 30 31 32 33 34 35 36 37 38 39 40 41 42 43 44
0
0 0 -0.10234843806082113
0 1 0.07724528368041857
0 2 -0.07886530956704893
0 3 -0.017690417611262232
0 4 -0.0345711328628575
0 5 0.029177402024109747
0 6 0.061905777929978076
0 7 -0.0503014507137552
0 8 0.07925958807289764
0 9 -0.07231521981204712
0 10 -0.08897050006322842
0 11 0.0015768894198542357
0 12 0.006880281503429618
0 13 -0.09159218561056846
0 14 0.07245591187739411
0 15 0.16352360090711207
0 16 0.029919631197186578
0 17 0.05110604700499361
0 18 -0.012813867509401328
0 19 -0.01406713334753323
0 20 0.01599220512355976
0 21 0.019218632718777797
0 22 -0.1719210275417199
0 23 0.0404569990987584
0 24 -0.007177831401413273
0 25 -0.02301286936061536
0 26 -0.04103432371613546
0 27 0.06840810431500631
0 28 -0.08902586475343702
0 29 0.0032519447266500506
0 30 -0.08486317948610722
0 31 0.010755090566514861
0 32 -0.017623597520831025
0 33 0.08999867778367181
0 34 -0.09398028128360975
0 35 -0.09200792563490982
0 36 0.01778104857316259
0 37 0.02593757370017295
0 38 0.019545594992142284
0 39 0.07295787673849664
0 40 -0.02221705702665903
0 41 -0.03591338185608883
0 42 -0.03784401478667675
0 43 -0.04124902538245853
0 44 0.007875817827881352
