## RankNet
## Epochs = 100
## No. of features = 44
## No. of hidden layers = 1
## Layer 1: 10 neurons
1 2 3 4 5 6 7 8 9 10 11 12 13 14 15 16 17 18 19 20 21 22 23 24 25 26 27 28 29 30 31 32 33 34 35 36 37 38 39 40 41 42 43 44
1
10
0 0 220662.0733253853 220249.9466691582 216687.06333686726 212671.23455327167 -72156.87818441451 -70290.75433633434 -69071.0357533295 -68238.3639073961 -72892.34275379844 -69747.33951584587
0 1 -582840.536522868 -581613.0404949114 -572249.65022745 -561473.1686967295 124130.32778868334 120853.69336635958 118730.99202261058 117285.28228140742 125414.67418677785 119906.36771756798
0 2 589118.4860373184 587884.3649371304 578410.7825169482 567607.8726151967 -178025.0879845669 -173381.8947083452 -170371.98911463527 -168260.9200956677 -179856.5780938872 -172038.87680316414
0 3 37299.446532726965 37221.87394728618 36619.75507077833 35932.25477433623 -9016.071639857066 -8780.374770612068 -8628.191933587677 -8520.166085856894 -9108.904010917247 -8712.18333372365
0 4 -338402.35084689956 -337734.4829157821 -332287.4659647887 -325986.72612861864 15996.192923126551 15587.140412435774 15317.071278184918 15135.016605674033 16157.512796944255 15466.659664833562
0 5 -317789.29780995613 -317090.2639861378 -311988.95442822704 -306159.83160797844 30397.346959056205 29611.461821635603 29108.246269075888 28735.60796152145 30707.697298290477 29383.01068196462
0 6 -57597.5640116085 -57473.78216511848 -56523.39297984625 -55458.846417318186 11143.09157762341 10846.509752776527 10657.755679517506 10519.664327276738 11259.445600753705 10761.37711348357
0 7 -96635.55347824194 -96442.22818714475 -94912.79672491051 -93078.05608961204 -46231.14894065315 -45007.39030736184 -44218.79149365317 -43664.704924362144 -46712.62371911846 -44654.1493170399
0 8 -496391.59385619353 -495322.7707559736 -487472.8989876408 -478250.4204531182 70383.26253643546 68570.3001293485 67390.78752040738 66569.77130861416 71097.51999739178 68045.99224863287
0 9 674380.4156193007 672977.1001783194 662095.419085924 649693.6754542601 -184280.83537269427 -179462.60389562443 -176346.67932981954 -174153.93936995385 -186179.14718830353 -178070.38720553461
0 10 402197.08202746167 401358.5928918379 394843.51310163306 387460.0539770191 -108393.67899648933 -105559.2162800447 -103726.50997281488 -102436.71292294947 -109510.25471592814 -104740.10876649855
0 11 282529.87136940804 281962.01860834216 277349.7835795484 272194.80358200136 -78002.36684587481 -75963.34961070621 -74645.24359713687 -73716.77148416993 -78805.50873326336 -75374.3631526376
0 12 275398.5946253892 274833.6424945165 270374.3706192072 265325.64726073295 -77098.61203956588 -75083.13690657237 -73779.2780863802 -72864.90071803943 -77891.94442606806 -74500.8405776685
0 13 20630.34056894918 20587.481628552097 20254.363004153056 19876.875964962957 -6305.8752974138715 -6141.158429594878 -6034.749319941665 -5959.68850411484 -6370.871196644504 -6093.559052920963
0 14 102458.49471672348 102244.73817928285 100599.03701987457 98725.56691358089 -28437.43670791521 -27695.62963461471 -27216.26568773391 -26877.371659015862 -28729.86746651121 -27481.369241204764
0 15 -377213.60437759076 -376418.4416089846 -370358.764233694 -363376.6820151386 80988.87706492931 78846.92190100608 77458.38968635556 76517.70521660378 81828.16357289624 78227.14768282893
0 16 148042.86625071763 147701.95900487478 145127.0794497226 142363.66480160944 -78004.86832503133 -75895.78567899537 -74557.94420300057 -73579.31877470874 -78824.17095956574 -75291.99675125035
0 17 -96679.86998788381 -96476.54071139217 -94937.96604096092 -93160.70129341053 12711.234518705038 12370.329673560798 12146.343540781825 12005.307189380634 12846.781153744188 12270.24278887323
0 18 94524.135184839 94368.47893919615 92777.96224367051 91026.76305214214 -28678.875276710598 -27927.720826516448 -27444.417377575857 -27098.421651339402 -28973.883053562397 -27708.957113303044
0 19 -117205.7761581907 -116959.61402791335 -115090.22536014271 -112930.43795437994 17936.8394293388 17457.514496807 17144.00500453561 16941.288498188373 18126.62838764783 17317.444487064386
0 20 -92359.15286743615 -92165.47750098429 -90694.13331834678 -88994.65010708605 11902.742992833322 11582.278998363374 11371.19471288911 11240.005117813633 12030.656324742424 11488.127483021943
0 21 279448.2892985937 278868.2970647109 274340.8241773514 269191.6381578827 -71866.92041332835 -69985.45135600203 -68768.67564879594 -67912.30106252272 -72607.81877538924 -69440.79176347639
0 22 1428886.0946416864 1425932.8001228212 1402837.1373587407 1376585.0289662767 -387556.815634419 -377421.971898097 -370867.0636501793 -366258.51126672875 -391549.10412930493 -374493.22586448153
0 23 -120878.1764722207 -120653.05949726584 -118643.08343001748 -116428.29429395423 7409.633711764684 7216.544405119234 7091.954641054534 7005.031435480466 7485.1504510119275 7160.714656645967
0 24 -160092.6283637664 -159776.4983474312 -157202.7735998282 -154203.8314356995 24161.34746350015 23511.476618310513 23089.065938132222 22806.771368210448 24417.977680289256 23322.407935030187
0 25 -30628.271934757573 -30630.372798689652 -30167.220587660817 -29569.547732640047 -2046.2045473997757 -1987.5291526471888 -1952.266288162177 -1949.9862008817272 -2052.96031098054 -1971.463619271139
0 26 38963.69091907276 38821.9741510253 38175.264835083246 37495.961235156174 -15261.160705164062 -14859.241914737326 -14599.810742769434 -14414.093759346277 -15418.449363859874 -14744.595327337163
0 27 -12301.951430306528 -12279.015797989925 -12115.062868264993 -11916.631299931849 -500.34422270609525 -485.27850951062794 -471.4618618898747 -484.02412166828685 -500.20326385014096 -478.9800310781322
0 28 -9703.24874272304 -9686.341766130014 -9559.25519231724 -9420.115677237623 -201.83717739302793 -185.84950571734637 -175.31375475780598 -164.84673491672996 -206.4684413033387 -180.7480924974359
0 29 36747.29609051777 36671.27888889347 36076.592300796765 35405.11917919769 -11983.671002204514 -11672.079345967373 -11469.692494692637 -11328.941803115122 -12106.719928732335 -11582.213913628038
0 30 82172.81479878405 81988.73004581152 80538.37086610073 79060.08621829587 -78737.09422429652 -76686.18217171442 -75362.68449625497 -74416.72059966135 -79545.47165443788 -76089.32104302023
0 31 -51385.11743156929 -51266.21934166089 -50524.26987774288 -49534.67165151806 -28067.963194053853 -27369.85753525719 -26906.52659226809 -26589.954082220836 -28351.018750200932 -27162.39934300472
0 32 -48918.661964612234 -48805.475523611196 -48104.76133394934 -47160.425604111515 -29427.060210916392 -28693.053218789602 -28206.807326774317 -27873.812345593236 -29724.05743552974 -28475.288432200246
0 33 -82112.69673136814 -81935.21841173204 -80586.26502855445 -79060.87457932642 14789.74354936166 14398.950306248496 14149.251997834672 13966.704626484323 14942.164619518631 14286.17118993572
0 34 33283.13303523707 33210.8482363667 32696.575047629485 32091.759918705593 -11291.023514506987 -11001.441761300184 -10809.490836342227 -10685.767032139514 -11405.248375533989 -10917.568721501
0 35 31965.06939644454 31895.760022773866 31402.932473966146 30822.73951224045 -11051.482540835232 -10768.305186574378 -10580.466318974724 -10459.701742968851 -11163.277451706248 -10686.077357772441
0 36 -146890.04271959848 -146576.00100425066 -144172.86069766362 -141434.0134066973 24368.430077084697 23724.36603947747 23308.489097342328 23014.56659557956 24620.69721060134 23538.41111253238
0 37 -162261.54614217847 -161912.8637815502 -159274.47163070884 -156250.32396793904 13193.182123692479 12817.826158125716 12592.134296194245 12399.526694645056 13334.90235170949 12712.347910085215
0 38 -173534.64934106517 -173161.83626054984 -170338.79134163543 -167104.42837141754 15234.569837692945 14805.73215824876 14545.190060730798 14328.484267025273 15397.468007997863 14684.641696080198
0 39 -143875.235747916 -143574.85457000232 -141229.73108398294 -138542.68182723148 7409.473745785605 7212.277178627587 7085.690483888178 6992.680748858017 7486.5030055723855 7155.619156297549
0 40 -16084.09235385396 -16062.211694964353 -15844.277157390334 -15522.947892206668 -60524.553710911205 -58937.69210619166 -57900.69989557774 -57202.643829011904 -61149.732225177766 -58477.998591056115
0 41 -15137.679957446406 -15116.891519057797 -14917.080891510373 -14610.995962466412 -60896.013190532576 -59300.00627414856 -58256.94289386986 -57554.79095144364 -61524.477497862485 -58837.39473586567
0 42 21583.680031450498 21527.36455890409 21133.934533359476 20751.66365553671 -29276.058809874412 -28489.30141654088 -27994.70432640446 -27621.01550299535 -29583.269423197697 -28264.537242319402
0 43 -22670.472477673364 -22629.806519183923 -22289.687081702705 -21856.471222840188 -15499.596563964617 -15079.20620065709 -14817.728840662967 -14615.633227871174 -15662.901634028754 -14959.725694520745
0 44 -191823.5139735775 -191430.5183773806 -188344.07483350125 -184745.38231088777 -34710.4860750859 -33786.30248068448 -33187.973627427615 -32777.132098772294 -35074.236508938455 -33519.43196794053 -204.7148397599916
1 0 -3194.7946579587615
1 1 -3191.447797100062
1 2 -3165.778462008743
1 3 -3135.419649546795
1 4 755.220264407308
1 5 745.0412358227654
1 6 738.4556018174786
1 7 733.5877957459453
1 8 759.4185104055526
1 9 742.0987019493651
