## ListNet
## Epochs = 1500
## No. of features = 44
1 2 3 4 5 6 7 8 9 10 11 12 13 14 15 16 17 18 19 20 21 22 23 24 25 26 27 28 29 30 31 32 33 34 35 36 37 38 39 40 41 42 43 44
0
0 0 0.03630040182356832
0 1 -0.22155246327162448
0 2 -0.0027004558621171936
0 3 0.02246445120580492
0 4 0.02258650817697977
0 5 0.07423585868183984
0 6 0.04622401712765014
0 7 -0.010452270210080782
0 8 -0.06432691738217661
0 9 -0.06319863581262478
0 10 -0.03071282340430343
0 11 -0.06129832184962736
0 12 -0.04240913323487207
0 13 0.02010276868858334
0 14 0.025813613313953737
0 15 0.04320511538927064
0 16 0.04233364808228764
0 17 0.06955593075515834
0 18 -0.00956407608719167
0 19 -0.011010221153915326
0 20 -0.03690331498456395
0 21 -0.024284610538489276
0 22 -0.00698976609165036
0 23 -0.08070825672733929
0 24 0.07638380370853923
0 25 -0.1015604215497318
0 26 0.03763286129075483
0 27 0.051187276543370505
0 28 -0.09986550779590105
0 29 -0.012152674082163622
0 30 -0.08736134285843769
0 31 -0.07091603712110713
0 32 0.04910136393543002
0 33 -0.00954121687589425
0 34 0.013555052915132862
0 35 0.07703767497894817
0 36 -0.07352463743249607
0 37 0.08802833360109508
0 38 0.08973273172015091
0 39 -0.022292343102111034
0 40 0.07593414292987503
0 41 -0.03146577323557386
0 42 -0.07622843893784857
0 43 0.013762460732659717
0 44 -0.006308185867980383
