## RankNet
## Epochs = 100
## No. of features = 44
## No. of hidden layers = 1
## Layer 1: 10 neurons
1 2 3 4 5 6 7 8 9 10 11 12 13 14 15 16 17 18 19 20 21 22 23 24 25 26 27 28 29 30 31 32 33 34 35 36 37 38 39 40 41 42 43 44
1
10
0 0 4.0339557405103654E8 5.199851461052241E8 5.2265026903121924E8 4.862567596265152E8 -3.7387513333061916E8 5.3164753905098385E8 -3.0180076527920604E8 5.2929929772243553E8 5.294462444136903E8 -2.390803258887071E8
0 1 1.3138537853070045E10 1.6250289161175797E10 1.631845900316695E10 1.540990614806654E10 -3.0001936955227365E9 1.654775939472883E10 -2.571522204800325E9 1.6488030222552656E10 1.649536202068444E10 -2.073152253886872E9
0 2 -2.8427983416725564E9 -3.5345097703452377E9 -3.549992001821939E9 -3.345911039565124E9 1.5210013750182794E7 -3.6019374239272695E9 -1089964.8868548537 -3.5882358871211185E9 -3.5903415611833334E9 -4478350.287198501
0 3 1.6663612769905634E9 2.0631181397305622E9 2.0713207930512013E9 1.9550531923956575E9 -3.8294655203104246E8 2.1012173599806306E9 -3.2555127568479687E8 2.0936243985059483E9 2.094218619157821E9 -2.6277398657705063E8
0 4 -2.8656227770825605E9 -3.5885602845281224E9 -3.604069397911609E9 -3.3902199155360537E9 4.058386413247863E8 -3.6586790975880165E9 3.3358544687388873E8 -3.6447138832990456E9 -3.6459731125858607E9 2.6394497167189705E8
0 5 -2.3867290893279557E9 -2.99854605307983E9 -3.0116729212183723E9 -2.8297414110868597E9 4.080050487580586E8 -3.0582793356767216E9 3.2259701440256065E8 -3.0465194515604963E9 -3.04760566164252E9 2.5051660159159088E8
0 6 -1.2009912923213252E8 -1.5108132132067433E8 -1.516827513447676E8 -1.4251599643755484E8 2.628595926973909E7 -1.5405149248951617E8 2.133412003255098E7 -1.5345821156623927E8 -1.5352014575228873E8 1.675573263814445E7
0 7 -8.359696972722572E8 -1.0381939932906626E9 -1.0422871137997931E9 -9.826275817974133E8 -1.9199884503032375E7 -1.0578773128102125E9 -1.9150499959652502E7 -1.0539029750413244E9 -1.0544599626030427E9 -1.761287698867229E7
0 8 -1.8039803932181988E9 -2.2657459211449037E9 -2.2759965651428223E9 -2.1392030378453472E9 2.0147782847610366E8 -2.3120458884483867E9 1.5220445677889872E8 -2.3028833683536396E9 -2.3034584357900634E9 1.1792844332647468E8
0 9 3.1378704109565444E9 3.8905339942124662E9 3.906440940396029E9 3.6848932367792573E9 -6.792024959325088E8 3.9631523597153077E9 -5.775344274832929E8 3.9488189924358964E9 3.9500492379468107E9 -4.664129638636846E8
0 10 1.6544211472630515E9 2.0504688794036686E9 2.0587688265723283E9 1.9423407813279119E9 -3.619531297921537E8 2.088612364864897E9 -3.0762248191292566E8 2.081075080092612E9 2.0816996300557182E9 -2.48443823178565E8
0 11 6.1309958436544806E7 7.595833033496544E7 7.62502642739565E7 7.195231311252312E7 -1.3649823746040134E7 7.73568378718778E7 -1.1639570151466522E7 7.708883114341727E7 7.710395466860808E7 -9392032.367375722
0 12 3.912183651275707E7 4.869544286876772E7 4.886905297852315E7 4.607004177816748E7 -8794195.883822167 4.9598532015830815E7 -7446393.630087437 4.94366597109302E7 4.9429211319564864E7 -6012832.416148926
0 13 3.2960658967833135E7 4.092077430891708E7 4.108969138332323E7 3.8744290053948075E7 -6992344.3459531935 4.169056971934601E7 -5957339.804520214 4.154173686593865E7 4.155172015015315E7 -4813817.900828078
0 14 -4.571915442547213E7 -5.6336839097874686E7 -5.6570723085268594E7 -5.347364111903993E7 9640355.286683511 -5.7366456966086335E7 8203913.712561739 -5.714854514225057E7 -5.717340830331381E7 6682434.022984482
0 15 3.637817576309336E9 4.498387800286286E9 4.516852346321777E9 4.2655237009874573E9 -8.402208471023078E8 4.580448414596748E9 -7.193603073032789E8 4.564114450259659E9 4.565892236558339E9 -5.800626520742455E8
0 16 -7.895655303007601E8 -9.403798398619585E8 -9.42241551889318E8 -9.032733412850566E8 -1.0243746293604662E8 -9.514716532552072E8 -7.371337182598992E7 -9.494844463875697E8 -9.487410811240011E8 -5.4809190172920115E7
0 17 -1.010485125534535E9 -1.2565736809685817E9 -1.2615503485830133E9 -1.1896525020703561E9 1.988054061563636E8 -1.2799464209339387E9 1.6788083192351553E8 -1.275446056777412E9 -1.275692691817028E9 1.3364495710046679E8
0 18 -4.935503284364236E8 -6.128645131713201E8 -6.15410016958946E8 -5.805380446926392E8 1.023964829847045E8 -6.242691893569003E8 8.632038870775302E7 -6.220733576962274E8 -6.221804659110879E8 6.961628276961833E7
0 19 -9.155587650669543E8 -1.1381758542174141E9 -1.1426964098422167E9 -1.077559785232416E9 1.791787803367109E8 -1.1593796034683633E9 1.5173683482710975E8 -1.1552727400610628E9 -1.1555533125470192E9 1.2063994967538212E8
0 20 -9.948119047174796E8 -1.2375578577093687E9 -1.2424698131168723E9 -1.1715167165541492E9 1.9663326805526182E8 -1.260628366641281E9 1.658854138436604E8 -1.256186798167611E9 -1.2564287040832543E9 1.320553543863079E8
0 21 9.98556770162951E8 1.2425302790250998E9 1.2478308290124307E9 1.1756183100247428E9 -2.1537716587343174E8 1.2664266624962735E9 -1.8143614351673725E8 1.2616183516320393E9 1.2621796734180384E9 -1.4649658207884124E8
0 22 5.315264891667339E9 6.591179290731126E9 6.61812444084176E9 6.242407610672611E9 -1.157434675860541E9 6.714240913295302E9 -9.839645523568658E8 6.689972385326786E9 6.69210488769317E9 -7.944494742495438E8
0 23 1.2137655829702914E9 1.5095796496857533E9 1.515835415082205E9 1.4283237337605722E9 -3.388153927628078E8 1.5379230482090962E9 -2.872518455677684E8 1.5324301160873642E9 1.532877784940832E9 -2.3118313860353673E8
0 24 3.281304324234677E8 4.071977112735129E8 4.088895450008894E8 3.855970930316745E8 -7.40023617917835E7 4.148309476883121E8 -6.272605978299693E7 4.133300456379652E8 4.134685335497806E8 -5.063583292576699E7
0 25 6.052882933615407E8 7.537233876152033E8 7.567336051821922E8 7.132812114118242E8 -1.4125319346349013E8 7.678794934630275E8 -1.1822515372685038E8 7.650175552133248E8 7.652922682295265E8 -9.51031929761445E7
0 26 8.447900962959057E8 1.0668711087517885E9 1.0720862556653912E9 1.0053501988798168E9 -2.436375232849379E8 1.0889622580012748E9 -2.0083887131611863E8 1.0847200329776335E9 1.0853189693421936E9 -1.6079950264765623E8
0 27 3.703950664212158E9 4.598214639822338E9 4.617094963513517E9 4.35470667498026E9 -8.572471519327321E8 4.68402355148815E9 -7.268063057121369E8 4.66722527119117E9 4.668414063090018E9 -5.85825117722008E8
0 28 1.0998303312996407E9 1.3681872384940445E9 1.3738269419818532E9 1.295257471885503E9 -2.581454743621459E8 1.3939133726673236E9 -2.1782971330035406E8 1.3887685281656258E9 1.3892167384228776E9 -1.7525823764066973E8
0 29 7.296761208556031E8 9.059099133260713E8 9.096340550158365E8 8.577748666706127E8 -1.591794936297203E8 9.228616542157941E8 -1.3457430527017796E8 9.194531567019693E8 9.197228727416838E8 -1.0862516172162355E8
0 30 -3.017752322169861E8 -3.397449659194259E8 -3.392956296026757E8 -3.329216637215967E8 -1.9941621027642134E8 -3.4041816295427835E8 -1.576784936959703E8 -3.4041195711924314E8 -3.396528654091872E8 -1.227671805001662E8
0 31 -4.872443768481147E8 -5.906478659295306E8 -5.9346712246525E8 -5.653806401867018E8 -1.5252869640385383E8 -5.997224875078247E8 -1.2989866698899023E8 -5.977604901655134E8 -5.979365767007715E8 -1.0089779656658469E8
0 32 -3.9684000590866596E8 -4.6594720116611916E8 -4.6697101331145376E8 -4.5048313866752857E8 -1.850496855840282E8 -4.704709987371352E8 -1.5055252822809768E8 -4.6957367755839235E8 -4.692139622041963E8 -1.1710952926638302E8
0 33 2.398610905444001E8 3.0196803659416276E8 3.034299210584324E8 2.844016958688155E8 -9.917405326543127E7 3.0829559329963565E8 -8.357679549681087E7 3.0702936014677054E8 3.0730963610071903E8 -6.651420205457832E7
0 34 -7.386594996893893E7 -9.293055386952429E7 -9.339994647097607E7 -8.770194704288736E7 640739.4689524892 -9.485163887429896E7 -539726.3428377031 -9.443908734673434E7 -9.452143955778678E7 -390676.44583421736
0 35 1.660753729319456E7 2.0969086785295695E7 2.1051116116271038E7 1.957193898344908E7 -3.6747967442741126E7 2.14346829272425E7 -3.2047571864028864E7 2.1369608041927394E7 2.1392970953636125E7 -2.546607254259821E7
0 36 -4.798896001512959E7 -4.339206915029588E7 -4.264383211550073E7 -4.719825445656552E7 -1.8260450678350136E8 -4.0998793921465695E7 -1.5249558392453328E8 -4.150805482261316E7 -4.0947342972506955E7 -1.188824797361752E8
0 37 -1.1761199135721281E8 -1.5105037272298425E8 -1.519268173868112E8 -1.4175779790386912E8 -7785776.772267936 -1.5454038533334228E8 -1.004225781577745E7 -1.5379272584486133E8 -1.5395900038665846E8 -8352398.73170002
0 38 -1.2811149631580256E8 -1.6036617388103288E8 -1.6106812342923418E8 -1.5198047608187264E8 -4.94882431502526E7 -1.6329532129153523E8 -4.485447944323287E7 -1.6266702734003043E8 -1.6270449193754458E8 -3.5489219548964225E7
0 39 -1.0498204670904368E9 -1.3161177513746219E9 -1.3214194496249988E9 -1.2417224862280848E9 5.089795884310449E7 -1.3425369484945514E9 3.518681463990381E7 -1.3372147763346086E9 -1.3379773146107996E9 2.4565548822805047E7
0 40 -8.59664036487989E8 -1.0708185614333768E9 -1.0761927680959663E9 -1.0144707165374715E9 -7.596502816379261E7 -1.091393814049225E9 -7.307096545522481E7 -1.0871112730974867E9 -1.0877959751489024E9 -5.745527310030623E7
0 41 -8.383407717887825E8 -1.0519016145715117E9 -1.0571427817469622E9 -9.938065807078184E8 -3.97703173874488E7 -1.0731038962907633E9 -4.464230035938989E7 -1.068712134019399E9 -1.0694551623658432E9 -3.60406330391192E7
0 42 -1.1530541067004385E9 -1.4032912997723615E9 -1.4078293837457345E9 -1.3356751663137617E9 -5933296.2136185765 -1.426596577951553E9 8398091.77399409 -1.4220294191712854E9 -1.4224652767772217E9 3830736.4059207444
0 43 -1.1772862592371562E9 -1.4365320798842883E9 -1.440884572647091E9 -1.3665197764757934E9 -1.8455883015839316E7 -1.460250492141043E9 -5138307.743825116 -1.4556503994132695E9 -1.4558758124417517E9 -6391778.710662231
0 44 -1.3211448474967492E9 -1.6448440323684716E9 -1.6519804626548493E9 -1.5564516549988537E9 -3.5981069608586766E7 -1.6765145720461771E9 -3.827750187510613E7 -1.670049043577369E9 -1.6710214627027059E9 -3.275178198101327E7 -236.46347695648757
1 0 -222535.49876528906
1 1 -248566.93784772855
1 2 -249087.48435599095
1 3 -241736.37397246095
1 4 35203.561944371
1 5 -250936.52059270657
1 6 36784.72048622354
1 7 -250457.47916104682
1 8 -250516.88339354304
1 9 33777.086896921785
