## ListNet
## Epochs = 1500
## No. of features = 44
1 2 3 4 5 6 7 8 9 10 11 12 13 14 15 16 17 18 19 20 21 22 23 24 25 26 27 28 29 30 31 32 33 34 35 36 37 38 39 40 41 42 43 44
0
0 0 0.08969523355447326
0 1 -0.05804893517545712
0 2 0.06405924495698305
0 3 -0.5116003729667699
0 4 -0.04490694092329389
0 5 0.07473401384192131
0 6 0.09084078481094186
0 7 0.0057328114680314434
0 8 0.10752055543657645
0 9 0.03227428667192741
0 10 0.03516653631041265
0 11 -0.035547415429810617
0 12 0.0015764366804144913
0 13 0.02058071954215617
0 14 0.0981233088280108
0 15 -0.20414834713955393
0 16 -0.03948420835029073
0 17 -0.039746443761830466
0 18 -0.07130240435053276
0 19 0.09847435930769824
0 20 -0.057134460795815224
0 21 -0.06884743094156197
0 22 -0.08435384933670213
0 23 0.06580238900731293
0 24 -0.07462347445681555
0 25 0.009788734123700422
0 26 -0.03489898775486919
0 27 -0.09978561109446835
0 28 -0.08170317369132409
0 29 -0.02159106121943137
0 30 -0.07808247891389214
0 31 -0.041352236297877105
0 32 -0.03401405192314262
0 33 0.05737165385946928
0 34 -0.02556712500143936
0 35 -0.12354632867358961
0 36 -0.12483054047354208
0 37 -0.04138276383011243
0 38 0.012104556298306313
0 39 -0.02583366937571404
0 40 0.012820884757326555
0 41 -0.006887543963867377
0 42 -0.12687142322871053
0 43 -0.09516401375292553
0 44 -0.09295076131835293
