## RankNet
## Epochs = 100
## No. of features = 44
## No. of hidden layers = 1
## Layer 1: 10 neurons
1 2 3 4 5 6 7 8 9 10 11 12 13 14 15 16 17 18 19 20 21 22 23 24 25 26 27 28 29 30 31 32 33 34 35 36 37 38 39 40 41 42 43 44
1
10
0 0 -1.9759008368375192E11 -1.4734181996049877E10 -6.968621979080155E9 2.5979555161708446E9 2.7273805020818152E9 2.806225455802331E9 -2.0370052036751968E11 2.5985191739259315E9 2.5765491939716735E9 -1.4624233834526722E10
0 1 -2.6924437873848645E11 -3.1920915722815275E9 -9.499742183280948E8 -6.913679669153765E8 -7.251467146032786E8 -7.426254004891608E8 -2.775983849018215E11 -6.90947837213916E8 -6.853580797938281E8 -3.147783202134819E9
0 2 3.0203459119726067E10 1.2476548305759594E10 6.914647527802794E9 -3.271757833315245E9 -3.4363671771802764E9 -3.535799730267694E9 3.1024400761222836E10 -3.274262950337054E9 -3.2449121655394044E9 1.2419309277339739E10
0 3 1.3358923115154727E12 1.954743847140817E11 9.679770999057195E10 -4.197916750345438E10 -4.4029454731514046E10 -4.5304547649076096E10 1.3770245251552825E12 -4.198462255355366E10 -4.163362271119245E10 1.9403946819066815E11
0 4 -3.7352268447742377E11 -2.7103785051461796E10 -1.3063965155018785E10 4.948619200526691E9 5.189436565404771E9 5.339979098290144E9 -3.8504188976874866E11 4.949546678240869E9 4.908218494353337E9 -2.6903875833736744E10
0 5 -5.2187181676616174E11 -5.030923902208418E10 -2.4427975869958202E10 9.607380828305407E9 1.0075771394259043E10 1.0358539685077213E10 -5.3792940452948047E11 9.607619136767818E9 9.527852420007504E9 -4.990722747642347E10
0 6 -1.8195853152011196E10 -2.309938810797052E9 -1.130109523716647E9 4.516777357820735E8 4.736192618715247E8 4.8659862461879295E8 -1.8761266472643158E10 4.5162326667700666E8 4.479156277577606E8 -2.2924339278184566E9
0 7 -1.2904265312052354E11 5.444436231095884E9 2.982514887882565E9 -1.8368511292775226E9 -1.926292874897798E9 -1.9768228088825152E9 -1.330133559283963E11 -1.8358303239398324E9 -1.8210659124896555E9 5.420703375091464E9
0 8 -3.7925118675608905E11 -2.3751537607761997E10 -1.1226170257820242E10 3.930979458120946E9 4.1225886742779374E9 4.2395254401203947E9 -3.909488569196557E11 3.931340215351679E9 3.898650150077527E9 -2.3567320937361073E10
0 9 1.1663165532036693E11 1.6485657671792116E10 8.168353043560767E9 -3.5520608358947334E9 -3.725363269699223E9 -3.8292595348771152E9 1.2021432834870976E11 -3.552089371124037E9 -3.522546117659934E9 1.6360127431709888E10
0 10 4.542430463359319E10 6.380178032789225E9 3.1591292106261234E9 -1.3701663418073454E9 -1.4369747806942322E9 -1.4772117048649483E9 4.682009621250757E10 -1.370204378940759E9 -1.358801655860507E9 6.333919525897455E9
0 11 -5.656238310896546E9 -5.830301817141784E8 -2.8803690711954045E8 1.2387737455275066E8 1.2992136102394746E8 1.3341751944598739E8 -5.8324580482434435E9 1.2386966721118098E8 1.228373024095911E8 -5.788021940418131E8
0 12 -2.542341599607249E9 -3.027476466737947E8 -1.408535664368163E8 6.0616479329160996E7 6.356488478510891E7 6.531754821649958E7 -2.6213500893219004E9 6.061403773322478E7 6.0111971659656875E7 -2.9941118654686415E8
0 13 -2.1277823741818783E9 -2.3292885016748834E8 -1.1501665862867767E8 4.954238736790739E7 5.196484695995661E7 5.3345508307274505E7 -2.194126918864829E9 4.953875503425247E7 4.912562232555674E7 -2.3125086290199235E8
0 14 -2.745647924698744E9 -2.825220048431855E8 -1.3953916817027134E8 6.013086798808445E7 6.306913373769217E7 6.477346042594795E7 -2.831488987230602E9 6.012682965898984E7 5.962599131631094E7 -2.8047633525311893E8
0 15 3.8631516649409705E11 6.316278052588738E10 3.1378115448892315E10 -1.3776401758535137E10 -1.4446250577421684E10 -1.4854612703247414E10 3.981998962819678E11 -1.3777306307136847E10 -1.3662912720418385E10 6.270494165560217E10
0 16 2.4020741784078232E11 5.034959868479215E10 2.499573894679011E10 -1.095794434336046E10 -1.1487899859929155E10 -1.1816536929950394E10 2.4768776290606772E11 -1.0957918286333403E10 -1.0867788067604557E10 4.998878524297514E10
0 17 -4.817499594781266E10 -4.880692072475654E9 -2.404678044028862E9 9.983946998061069E8 1.0472575732865112E9 1.077373993808298E9 -4.9651151161613464E10 9.985917364063116E8 9.902905356912183E8 -4.843362402452796E9
0 18 -2.2986700554522327E10 -2.499792356592557E9 -1.2357882491477616E9 5.307054793008235E8 5.566438024434475E8 5.724846996389647E8 -2.368744554047222E10 5.3076079726914686E8 5.263165728325958E8 -2.48130867596569E9
0 19 -3.7988527595092094E10 -3.8241189320249467E9 -1.8861041193692431E9 7.865787521461353E8 8.251317931827965E8 8.489657357338406E8 -3.9150241047575066E10 7.867557668883188E8 7.802114379001623E8 -3.7948738649072366E9
0 20 -5.295902102890004E10 -5.591982008254806E9 -2.7570490470188255E9 1.1515971720761902E9 1.2079219626691103E9 1.242634902938731E9 -5.4582794997171005E10 1.151798203929243E9 1.1422244191509402E9 -5.549509646773871E9
0 21 2.38879264409099E10 3.3033523620745287E9 1.6368450499077623E9 -7.116587330027317E8 -7.463415134695629E8 -7.672655101617973E8 2.462219888489097E10 -7.11680359592524E8 -7.057471409700918E8 3.2793865333077917E9
0 22 2.0836302446369696E11 2.9827993747418392E10 1.4801040104516535E10 -6.458523433673968E9 -6.773908941497914E9 -6.962304334776607E9 2.1475559011582883E11 -6.458548985102104E9 -6.404782082494724E9 2.960685668465801E10
0 23 1.861061965738363E10 5.518138108282035E9 2.78020601123783E9 -1.2889471489238484E9 -1.3515794876001825E9 -1.3894661257302313E9 1.9184266009040173E10 -1.2890073332892668E9 -1.2783142521504495E9 5.47993771005178E9
0 24 3.7080078797299824E9 5.436193601929595E8 2.69402469102933E8 -1.1724175006193864E8 -1.229518745064236E8 -1.2642316218310039E8 3.8222616580078087E9 -1.1724573505074234E8 -1.1627185801398097E8 5.396147593360281E8
0 25 3.486928648549524E10 5.706942973845209E9 2.8329210999635143E9 -1.2375600380283985E9 -1.2978235972426953E9 -1.3345326187249653E9 3.594151133683225E10 -1.2375968959684024E9 -1.2273437328153305E9 5.667439024872544E9
0 26 3.3867959427607002E10 5.148513537044116E9 2.564103802971777E9 -1.1293180460668662E9 -1.1843264771949143E9 -1.2172055058744917E9 3.490409755486015E10 -1.1293058412690988E9 -1.119955358272875E9 5.111061778613373E9
0 27 4.406131611910983E10 6.40712830085218E9 3.1827866291058125E9 -1.3835234086663928E9 -1.4509623416331544E9 -1.4912830241124995E9 4.541355406539311E10 -1.3835629129732654E9 -1.3720478192643006E9 6.362611047530163E9
0 28 5.169494018021467E10 7.400521908060868E9 3.664918737142785E9 -1.5922676883330755E9 -1.669880558422976E9 -1.7168386497494464E9 5.328740075510632E10 -1.592330833407596E9 -1.5790873686197114E9 7.346823740656881E9
0 29 1.2848401594376816E10 1.9822677900224466E9 9.821799282112068E8 -4.26459756288494E8 -4.4717732990501046E8 -4.5995243244001323E8 1.3245675197978916E10 -4.264945692470936E8 -4.229611279616766E8 1.9677588195469449E9
0 30 1.0250342625316621E11 3.895005854762596E10 1.9442680168165016E10 -8.711938804834373E9 -9.132048548185566E9 -9.385347044231913E9 1.0574698393216223E11 -8.711651783493393E9 -8.640351635991564E9 3.867318561961787E10
0 31 1.6760118537246133E11 4.569664942279873E10 2.2687262974924404E10 -9.971008256347063E9 -1.0452327493729528E10 -1.074215701831107E10 1.7286723388099463E11 -9.97064784432576E9 -9.888944322062752E9 4.536991154088899E10
0 32 1.5176323670936545E11 4.4055238780405365E10 2.1897872770179157E10 -9.664683174340666E9 -1.0131110458514498E10 -1.0412052172797182E10 1.5653722364226593E11 -9.664340617910515E9 -9.585168182717571E9 4.374063278372118E10
0 33 -2.740599290583712E10 1.6280825444054096E9 8.84190084186858E8 -5.1024806128037745E8 -5.3442915795135975E8 -5.486131511139995E8 -2.8242662447655476E10 -5.102659238874779E8 -5.061443443579046E8 1.6166626414389503E9
0 34 -3.213552572304733E9 1.473879763566069E10 7.357281591545783E9 -3.3190883460165563E9 -3.478642602578916E9 -3.571792108045347E9 -3.2435675498618665E9 -3.3184255237046742E9 -3.291555689798382E9 1.4637918658598927E10
0 35 -2.454764273966282E10 1.3323774371858206E10 6.708127900010153E9 -3.115334150523012E9 -3.264815650372252E9 -3.35213802136676E9 -2.524151473648495E10 -3.1148078332690196E9 -3.089594827317329E9 1.3232359176084925E10
0 36 -3.92776475950582E10 1.161934906497973E10 5.982453810242212E9 -2.9666574138997426E9 -3.1090907888596067E9 -3.1936543273910146E9 -4.047395466361819E10 -2.9667075811188655E9 -2.9424623788882937E9 1.1540214179762907E10
0 37 7.591909135349568E10 3.481035759423366E10 1.732550292611076E10 -7.712660210414191E9 -8.08519711191856E9 -8.306143827490004E9 7.834262524732039E10 -7.71176715756704E9 -7.648826528116792E9 3.456602363184317E10
0 38 4.252181343534625E10 3.0756857502794113E10 1.5383798427151407E10 -6.963622898942073E9 -7.299652177200972E9 -7.498980216420486E9 4.390108544523814E10 -6.962966185755649E9 -6.906124829133974E9 3.0541895242599377E10
0 39 1.5718345323707928E10 3.0131186468273277E10 1.5076387384944506E10 -6.858263705350645E9 -7.189562336382277E9 -7.386223649032115E9 1.6279352572954275E10 -6.857102855974549E9 -6.801322848638264E9 2.9923599113842365E10
0 40 -3.289803128382916E11 -1.4930385818470974E10 -6.820055642024605E9 1.9556342940135267E9 2.0494723246590474E9 2.1111651346800058E9 -3.3918033116755304E11 1.9565508444019387E9 1.9402193391747537E9 -1.480000213030621E10
0 41 -2.2609467920396136E11 -1.089120347514412E10 -5.047487640906947E9 1.5540074268559644E9 1.6284524641948912E9 1.6775599029208906E9 -2.330963273462252E11 1.5549387939478967E9 1.5418708698816276E9 -1.0796317374063242E10
0 42 1.923198521601574E11 4.7847006442121796E10 2.3862875241021873E10 -1.0625570697520939E10 -1.113834186635438E10 -1.1450926101773912E10 1.9831633048172266E11 -1.0626168698342922E10 -1.0538685066003296E10 4.750495601642978E10
0 43 1.6598939483875287E11 4.520394968920653E10 2.258079726988152E10 -1.0123020984679808E10 -1.0611757303358728E10 -1.0910143467218088E10 1.711696910401956E11 -1.0123450416672812E10 -1.0040106006985786E10 4.4882857273902954E10
0 44 -2.8177589869321716E11 -4.746790029146985E9 -1.7062567156886497E9 -3.6867703715863794E8 -3.868220110823966E8 -3.950569393238397E8 -2.905199301933807E11 -3.684225259874428E8 -3.653880832177571E8 -4.691554777149955E9 -24120.014234592007
1 0 -3293781.581967942
1 1 -472141.1128410969
1 2 -293574.6197927062
1 3 76388.45765524729
1 4 78708.62705616471
1 5 80947.81428546211
1 6 -3344550.337808704
1 7 76570.45636814367
1 8 76098.05589383349
1 9 -469661.45001850405
