## RankNet
## Epochs = 100
## No. of features = 44
## No. of hidden layers = 1
## Layer 1: 10 neurons
1 2 3 4 5 6 7 8 9 10 11 12 13 14 15 16 17 18 19 20 21 22 23 24 25 26 27 28 29 30 31 32 33 34 35 36 37 38 39 40 41 42 43 44
1
10
0 0 2133870.7005289597 2375777.208657353 2166168.5853613513 2158339.14663667 -8453231.353046045 -8305158.758484729 2464282.0593338064 2266655.6120463675 -9190851.464470817 -7901004.0374092925
0 1 -1.7682706615152538E7 -1.778148807548665E7 -1.9208398297485944E7 -1.789691651355185E7 4.107107118455245E7 4.039757025599663E7 -2.3168375930391714E7 -1.9498845648042437E7 4.4254994703965105E7 3.8553230800568506E7
0 2 -6710808.085529143 -6715622.947817719 -7308072.474748133 -6793821.775374819 1.4322904757157765E7 1.4086552248275895E7 -8892940.626211733 -7425940.771492644 1.542054774486056E7 1.3443649104328832E7
0 3 -979209.9675362014 -1002171.6071683294 -1047647.6261002497 -991397.9082506628 1773533.4754596704 1742504.738323264 -1260276.5349343522 -1070449.6047639428 1915963.2593419768 1660563.7590666513
0 4 4550052.638504541 4641393.5195883615 4859914.17484725 4594157.378285787 -1.82512968693208E7 -1.794036183813094E7 5935367.812356779 4978948.488666583 -1.9702232740820225E7 -1.7097695615499254E7
0 5 4529388.205822214 4621266.896384256 4859884.363497574 4569124.898085411 -1.93927940036976E7 -1.906117074012391E7 5995458.485549929 4965666.823910601 -2.0946056223572787E7 -1.815814582306025E7
0 6 629413.8832235422 660995.8327369108 660882.5608000517 632627.5117976296 -2150107.165471138 -2111387.4336516215 835857.0489526931 680602.2726925244 -2333249.377936016 -2006959.3611875474
0 7 -1830401.287792408 -1842372.7486663428 -1976846.937485039 -1848644.3002064507 -2463674.977138738 -2421971.4700660286 -2272714.04965633 -2015137.6880029058 -2644399.082385448 -2310236.048564316
0 8 -646377.6323374955 -577599.5344985455 -787652.8270199188 -679621.1838775214 -4343353.830886334 -4264767.883446311 -1205865.8728020927 -747918.3835662146 -4701396.246084671 -4043812.630208856
0 9 -6702742.298687531 -6755297.869251826 -7224490.330799639 -6774909.869387781 1.690594602482738E7 1.6620582237107432E7 -8709329.353332467 -7367606.102616188 1.8241895587931387E7 1.5842300080225639E7
0 10 -3075990.444388828 -3097736.9029229213 -3318108.9103929405 -3110057.204726939 7682792.35639317 7554611.839364582 -4003576.7220135718 -3382256.125265609 8287784.709789768 7204896.356530632
0 11 -46128.529462399725 -46705.917619001404 -50364.88704395853 -46667.64446574457 108058.06088378878 106134.09427408902 -62415.81695602032 -51082.03613680924 116401.34537502658 101306.54944290596
0 12 232719.14627190697 236761.85872877433 247533.23482518957 234811.3561472658 -713766.6838329324 -701727.125677076 287237.5193357084 253574.3159290681 -770986.9154018118 -668637.9681928875
0 13 162516.72271313285 163715.77389132453 174091.619571507 164221.63402348023 -437635.2621651913 -430209.4271944972 207175.50788222568 177962.4538968577 -472557.70577136404 -409824.4376569581
0 14 352742.2435151524 355708.57790823886 378855.45904399693 356456.3836608816 -925583.3247579059 -909860.7003154432 452901.18140813615 386880.899207534 -999412.5886292653 -866711.7856657399
0 15 -5084164.518608572 -5112328.437525614 -5516213.73705521 -5145364.323537406 1.19622927245621E7 1.1765702520262837E7 -6659691.425154051 -5603441.806310557 1.2894791935519304E7 1.1227182798758134E7
0 16 -2989537.20542314 -3105816.5593168065 -3164546.0774749867 -3010525.762707212 3196381.3824392133 3136687.828825574 -3637105.2800165284 -3251154.8231269117 3484855.8739522677 2970068.8518131548
0 17 249158.61388464953 190130.0043140364 318428.50473747693 259764.5080363289 -2094325.64903866 -2062486.8202568097 651039.1441738451 298475.2476234752 -2245722.8064574846 -1978692.2026388615
0 18 288089.4642241959 284774.34602147323 333289.82994754944 303986.0807997768 -1280582.7668926422 -1257911.9816394122 704389.4986809094 312217.9177499454 -1415382.6299671624 -1192685.1692166605
0 19 784916.2243807849 736265.2968260159 888932.3722711517 800130.5724626409 -3438331.0718255783 -3383054.373639915 1321644.5370836654 883463.613968872 -3700063.619492839 -3235574.7833872405
0 20 537288.2302109112 478550.70954955206 630395.9445046084 551031.4091996641 -2768760.8514346494 -2725768.7062465306 1016984.7433332507 616030.1005543143 -2972516.8377727307 -2611084.925796958
0 21 -1010607.480096711 -1026197.1742955232 -1086100.9000415816 -1020999.3796300387 2452813.9603375765 2411990.811882033 -1282482.0256802537 -1107419.1000019878 2649056.9659867976 2299119.416397418
0 22 -1.1247870310219044E7 -1.1332996908510212E7 -1.2128197330017101E7 -1.1370128877530077E7 2.829709220023218E7 2.7819497999715682E7 -1.4648508531647252E7 -1.2364670733152648E7 3.0535697896867823E7 2.6521214974283237E7
0 23 -4468410.199461741 -4512178.976527669 -4808568.461672516 -4514757.276493825 9199892.682579657 9042826.832715599 -5685915.619352878 -4905621.71702119 9946427.890380379 8619003.713227311
0 24 -512252.7727709919 -519773.94252415706 -550934.0057855028 -517773.8821935424 1235138.3995300534 1214070.9590039512 -654876.5574402427 -561192.8949916993 1334839.9605584394 1157196.6003121317
0 25 -1937205.9462134314 -1968473.1345705749 -2108910.015238966 -1962195.5666448534 4478584.517330789 4397321.729103665 -2583603.5938812546 -2129893.4144916604 4881964.597192122 4179993.5110973157
0 26 -622829.8295488479 -629943.3180250122 -667982.5257551845 -629790.096094473 1533283.1103970346 1509214.8647981533 -821702.0750776987 -680990.6591828206 1652219.4135482614 1442144.9428880513
0 27 -3220238.358397868 -3248128.1375605324 -3476819.256857785 -3255898.749640892 7929377.923724729 7798448.048678027 -4204779.7299748715 -3544239.708929753 8546099.678488802 7440071.813277085
0 28 -1582407.3320470762 -1599952.4089946102 -1708489.685933621 -1599937.5369859405 3866930.792634267 3801815.3093708176 -2038079.0642728575 -1741182.8317397549 4162596.4334030957 3626500.7961209915
0 29 -704483.6414568534 -711559.924186791 -757056.8591289257 -713144.5931429648 1641647.5677399244 1613960.799290522 -913651.8949075198 -772721.7425106094 1777797.6685556408 1536962.0029463316
0 30 -47811.70017040844 -64958.37179187795 -32945.84470183419 -27861.001322123153 -5101363.8225057535 -5016469.544343851 114230.86659427316 -58522.54179615889 -5507631.438318229 -4784314.386960916
0 31 149623.60513121716 52742.198753136225 256077.44666115005 190118.0432824745 -3571576.734076464 -3516834.335183416 606019.2827904072 194739.11745737505 -3845487.354988881 -3365960.516110604
0 32 142350.25055801158 48331.713406457086 245505.7167975774 182138.79259468312 -3637603.795607735 -3581592.1283978284 588378.8133626556 185414.82930472604 -3917155.3151124776 -3427289.5902021704
0 33 -876583.9985113499 -890535.0525762374 -942256.0816808041 -882922.4431010901 1383402.6496201039 1358882.4430663078 -1175593.3612414727 -961730.862832427 1497243.3588394772 1293130.7497064571
0 34 -523578.89031281375 -553139.6585092398 -545056.7273838115 -521711.43128925515 1035069.8815045663 1016129.9312459873 -615331.7130495348 -569659.1305333166 1116309.1474029697 967326.9954051625
0 35 -557133.2029462802 -587168.225686729 -581174.8354266029 -555524.5072509137 1087436.8806523138 1067570.1129440865 -660576.2118457191 -606486.2799472591 1172996.529806095 1016277.2338834332
0 36 -319131.75259302504 -364585.78953426814 -313073.6686640723 -301617.92722662934 -3980595.4177981857 -3916372.602594246 -217214.24848397018 -347359.37106594216 -4288253.082872061 -3740696.0706963027
0 37 1118979.4975357319 1084653.9502919645 1246411.0085005679 1156873.2875689364 -6182925.364830785 -6081002.384927833 1695697.5387867587 1232912.9524964863 -6680699.942057056 -5803205.054890254
0 38 1066388.6772345912 1031585.0863253896 1189436.2805594718 1103573.584829202 -6109770.75752202 -6009106.4890982695 1626086.1595011947 1175128.9924964302 -6601170.788566204 -5734716.047229113
0 39 -1613192.132137839 -1665410.0724470601 -1714384.5625341034 -1621289.7807274794 -2925948.3003345933 -2878295.1629980807 -1864098.5289226605 -1762618.8493905852 -3138969.323346469 -2752823.3216832983
0 40 -1073160.2168800014 -1069369.3409682745 -1172628.4875789187 -1088700.076444196 -80792.62251672111 -78130.43306101534 -1378553.5635678167 -1185197.1465615616 -84028.1199607755 -71650.48418979916
0 41 -1605108.8647980825 -1652572.6897490504 -1713275.1799846953 -1617702.3090536604 -917855.7252010794 -904541.5622574209 -1933511.2794690118 -1753664.5226258067 -967686.4046847367 -867953.1714798918
0 42 -4080202.033099887 -4284382.605662601 -4285885.4309461955 -4109087.629663187 5072791.225459259 4974809.9761985885 -4876926.801216674 -4411078.924473203 5567961.274060113 4701689.42678871
0 43 -3240485.127593428 -3401216.0502606845 -3404468.6616112017 -3260969.97930401 2623765.8275280176 2569693.801107887 -3849572.543218771 -3507410.262894631 2904578.497108745 2419115.040778538
0 44 -1088914.3389926385 -977642.3581622646 -1277707.1816573483 -1124883.9483066746 -7109268.0142773595 -6979093.7076481925 -1550871.8123110381 -1245076.1209236318 -7692203.500953907 -6630076.646714497 -17.476197248491157
1 0 6294.101620524988
1 1 5933.100729220077
1 2 6840.54737138209
1 3 6398.865186535897
1 4 -16251.321580873566
1 5 -16100.91428582155
1 6 7577.345950769976
1 7 6753.932712751734
1 8 -16912.26908057974
1 9 -15690.43675915857
