## ListNet
## Epochs = 1500
## No. of features = 44
1 2 3 4 5 6 7 8 9 10 11 12 13 14 15 16 17 18 19 20 21 22 23 24 25 26 27 28 29 30 31 32 33 34 35 36 37 38 39 40 41 42 43 44
0
0 0 0.0916389528053653
0 1 -0.07945701560843907
0 2 -0.019976752221174583
0 3 -0.0024324880864273553
0 4 -0.036294893672838495
0 5 0.09029976825522018
0 6 0.09852498310403154
0 7 -0.020376962544566855
0 8 0.07157283814971048
0 9 -0.06615353900268707
0 10 0.08043694290650602
0 11 -0.03004222938217942
0 12 0.056978099289026175
0 13 0.06925987467570961
0 14 -0.02675924472262619
0 15 0.02270955158713199
0 16 -0.0613665749787943
0 17 -0.08938336719445074
0 18 0.051055316879780495
0 19 -0.027598112977490267
0 20 0.025097936219683925
0 21 -0.08322726110162505
0 22 0.03472469550639272
0 23 -0.08142954730531402
0 24 0.07757311940351921
0 25 -0.007332076389540434
0 26 0.0907249891090573
0 27 -0.0658612952925162
0 28 -0.05160259285937468
0 29 0.03401993540180481
0 30 -0.06962319800672344
0 31 0.06512638154502524
0 32 0.026926917081978922
0 33 0.0906315384082175
0 34 0.0014256758188763664
0 35 -0.018851806442972654
0 36 -0.021488912046942896
0 37 -0.02108165109079814
0 38 0.08460181159966222
0 39 -0.0937702159021751
0 40 0.0757491606893018
0 41 -0.033949667336796864
0 42 -0.008212624412748969
0 43 -0.09112746334275676
0 44 0.007297009229663877
