## RankNet
## Epochs = 100
## No. of features = 44
## No. of hidden layers = 1
## Layer 1: 10 neurons
1 2 3 4 5 6 7 8 9 10 11 12 13 14 15 16 17 18 19 20 21 22 23 24 25 26 27 28 29 30 31 32 33 34 35 36 37 38 39 40 41 42 43 44
1
10
0 0 -79055.28074751589 217155.6178002145 -72438.55860473025 -70455.69575222683 -272886.06104299595 -62345.124177307865 -70331.08589210165 -59345.39518604049 -47327.87630236473 -74468.54901491076
0 1 -92828.18087753866 279837.85483475553 -86589.89642303427 -85177.77491097944 -342086.2651839453 -74470.67006036908 -85064.31614849184 -71307.53759136575 -56683.04246430947 -90271.75245205026
0 2 -246760.1985966755 722774.0510154613 -226461.88632922436 -222234.6116753672 -895391.7291741658 -193974.94000645715 -221802.4429841337 -186339.63789629188 -146620.1040105597 -234762.88554860812
0 3 -237214.7508412854 713787.917349787 -220783.30890301726 -217162.48085707618 -877743.7543931364 -189723.48833317 -216830.85774472856 -181593.31962374315 -143938.36768784167 -230132.21022671546
0 4 124413.47871555146 -378478.21527923376 114567.72700198986 113263.2024247731 453264.9976442969 98609.51285604082 113109.6797019866 94890.06644459155 75061.00033180823 120026.60548782318
0 5 -37432.90977204121 115378.48354263096 -35496.813477325464 -36431.26650718497 -147054.73565357772 -30331.631969378843 -36324.283026834484 -30411.546169726676 -23490.68440949569 -38054.90126766634
0 6 16750.84331063002 -46747.278515694474 15379.257947962431 15138.738091234289 60214.111943428485 13257.32263799881 15110.601822574345 12711.00926094991 10070.169768460186 16029.502581605955
0 7 33417.08912556077 -106287.55619670141 30666.287102659542 30390.563165708383 119255.98034974403 26519.87228794995 30352.27722316032 25521.39871579945 20313.919432830207 32271.691296874727
0 8 315030.7384306877 -931734.4241275943 288689.93699188187 285595.6802240182 1140455.8138886918 248042.3856794395 285148.6970860572 239561.67664059252 188103.57536784577 302076.67940050043
0 9 -151092.39635289452 459405.4751667344 -141109.16637749958 -138638.49262494594 -561358.9499375377 -121248.85196378913 -138420.0362134579 -115863.28242422944 -91994.89913936498 -146950.3365662653
0 10 -92696.26376805958 281826.6579398137 -86601.54995114137 -85103.27721481162 -344598.4057431222 -74423.07770918138 -84973.33716478759 -71117.31466823761 -56481.37343830733 -90219.56822569077
0 11 -1850.5575485038144 5378.946033241669 -1703.4417853469215 -1679.761054006256 -6683.422277886774 -1465.2637443170684 -1676.3217904411856 -1407.4352145162563 -1112.8370821496123 -1777.3552890030278
0 12 -27503.865902893485 83946.9046761553 -25699.92841319994 -25259.80598901065 -102150.79378994908 -22084.310534357042 -25220.420479248947 -21112.468142319292 -16758.173196610252 -26768.017939010115
0 13 -5224.345419161574 15620.685714036188 -4854.619301155496 -4778.036220011198 -19191.563331031088 -4174.36650253139 -4769.8894032232 -3997.5698093842434 -3170.2828852435173 -5061.5713800159765
0 14 -10756.611191108152 32507.70171795728 -10018.845212757402 -9867.730970344655 -39643.9195186757 -8614.026250165156 -9853.281660225357 -8258.992342791458 -6545.791761037785 -10452.542260960816
0 15 -53552.9809018626 161476.82021391916 -49958.66102306884 -49134.13374760563 -197524.06086134395 -42962.055054074226 -49067.669419576196 -41125.449930454124 -32686.06152534109 -52073.965974248786
0 16 -198413.96585101503 592197.8023196453 -184423.22755243405 -181707.54316669653 -726453.3582771588 -158729.76004070192 -181459.10154183678 -152220.42053232677 -120759.768247403 -192527.91189254014
0 17 -51638.2563430998 152983.48404118672 -47702.7882889677 -47392.57684298411 -189060.20294812616 -41066.48639930712 -47312.98822034177 -39740.17743610947 -31366.358136300973 -50097.91503775106
0 18 -102734.67839919442 306746.21768380504 -95309.00293717808 -94185.35357410599 -376876.3399771939 -82027.85740959222 -94040.32912045918 -78872.15501082754 -62441.60393850022 -99745.30958365007
0 19 -51739.23985383229 153473.6367281074 -47842.47391771461 -47520.314546046735 -189502.50514515664 -41187.5181034127 -47442.25406017627 -39843.47007275324 -31453.436914196536 -50242.68872303114
0 20 -44746.093586205025 132225.0466143562 -41280.74358691713 -41079.806957556415 -163516.10385222474 -35548.3679276335 -41009.9671210888 -34461.70407419742 -27180.450892133395 -43409.44843942793
0 21 -40051.39976927947 121186.67698225986 -37350.26902134028 -36759.402826841986 -148401.20543775416 -32113.09587823852 -36701.428522125934 -30735.724046855266 -24399.56489375339 -38953.52579452264
0 22 -91507.00308358361 277374.7994550261 -85427.62713963041 -83946.69925361167 -339510.98254009645 -73418.17210931635 -83814.30927496261 -70168.67420811435 -55711.96255551002 -88977.05351019095
0 23 -48377.01607727166 142883.10102843834 -44914.967449240066 -44226.06878439577 -177787.4511907935 -38600.99129641248 -44146.2929307759 -37020.15277965271 -29273.868246919435 -46809.31154042953
0 24 -28590.074790555896 86654.42574254611 -26672.46531576417 -26213.449273518196 -105817.48623420812 -22925.80949037993 -26173.606411077155 -21918.467676070097 -17401.816815572613 -27784.332881179416
0 25 -5155.247777278891 16868.340204677992 -4943.092094488863 -4854.840160990996 -19693.429100690755 -4238.448219041919 -4849.587044005436 -4053.9874144688715 -3207.003442591377 -5148.003735100495
0 26 -92822.89623948859 277662.4395048515 -86201.44759575046 -84937.02563794564 -340182.706635121 -74112.56460200174 -84813.54374687535 -71122.75703776693 -56236.14576422366 -89968.75836480365
0 27 -55756.82263344717 165941.0107359317 -52069.08138098897 -51244.31783262743 -206982.67673701755 -44769.01755379219 -51170.31744437777 -42843.40148553543 -34025.59948667262 -54326.23133121382
0 28 -38330.38095145737 115812.51265553145 -35699.43175289808 -35166.269592105135 -141153.32419973545 -30703.49232004616 -35118.01391231876 -29440.381974295517 -23341.35797431089 -37261.2654067858
0 29 -26145.19368078629 79367.91669856604 -24396.42622462941 -23985.496573727338 -97146.38070513861 -20959.967848064145 -23948.9168814512 -20047.197722970268 -15904.687097117758 -25420.882457036376
0 30 -122030.4176965292 340055.65018484584 -110940.97957408852 -109917.38180527634 -432530.1214612172 -95732.35211271368 -109632.92296215892 -92711.76011439135 -73176.70079909015 -115771.85078296915
0 31 -217883.32581263463 632637.2326878832 -200459.2840043336 -198325.99300227055 -784074.9690415048 -172810.12768394058 -198002.05768437395 -166593.53658782312 -131844.66925403397 -209790.7557990646
0 32 -238162.20152007873 686759.2465923233 -218672.56976453285 -216397.9235407107 -854846.3312367107 -188542.5082606311 -216009.43918611467 -181901.19022963883 -143893.5778325583 -228740.6686133759
0 33 -63775.556723188245 181390.66708106647 -58745.474032539765 -57906.6331429295 -229557.57751561483 -50629.08453960176 -57771.45137442471 -48758.657735525005 -38603.54054632625 -61061.03178752547
0 34 -126389.8519530081 367740.5666885438 -116048.23487495718 -114900.21583641405 -454281.87361353735 -99964.94983271093 -114731.57131259421 -96496.8371003644 -76147.85055699311 -121576.22761822364
0 35 -135105.41880025482 391789.9984970398 -124109.72859743344 -122800.95871290349 -485711.3568472334 -106917.06884716995 -122605.07415505184 -103172.09383084884 -81455.23783159468 -129870.06980462543
0 36 -183799.03070481846 529392.8629549313 -168798.98430167214 -166822.3046452192 -661655.7325414622 -145464.45317428678 -166482.6251490697 -140277.11205346824 -110933.35585418188 -176150.77338031176
0 37 -245566.07469251505 719268.8836784629 -226672.81893150517 -224051.4974313077 -888440.8014449553 -195307.26297662186 -223716.25147892165 -188027.88631801508 -148882.52308897226 -237156.33670196787
0 38 -278981.0583560074 814352.1905220789 -257249.46133770506 -254266.7633339846 -1008301.1123705123 -221659.92346297868 -253858.19614903713 -213471.20695669984 -168985.5833385556 -269005.39385662635
0 39 -162686.54296578732 474980.860883687 -150226.02577783933 -148430.98609540964 -588847.2571507567 -129412.27475752804 -148211.08691880378 -124540.5929588121 -98605.31768864332 -157111.0876989108
0 40 7539.136173831182 -43578.276920112716 8456.34153002691 8117.202580582034 38465.441819589585 7137.5333490918265 8213.097218605317 6460.27264131133 5402.021637700041 8993.596306060586
0 41 -72127.05310088841 199902.18441481536 -66159.77029361698 -65326.712089396045 -256460.1199525919 -57048.88448735331 -65154.929175807694 -54940.54631272933 -43397.82701660533 -68957.47555358622
0 42 -261670.61054101924 776298.8009428551 -242927.4709677202 -239549.3671400686 -955791.1281141053 -209178.03758035376 -239203.01522040807 -200807.4918618046 -159336.76391724148 -253693.91798540557
0 43 -526039.2216587146 1569989.433596107 -489163.3034981302 -482160.14555227006 -1925162.9365792773 -421156.3201663109 -481492.091726746 -403974.34915943944 -320680.74534111476 -510879.5862908442
0 44 -1119.2341583584835 -7258.418004756634 -1163.9792983273474 -1011.3585985893646 -5046.642105250625 -907.9269568673142 -986.2599618091082 -847.4825624405606 -566.1160426665806 -928.2800094777488 35.013521709433135
1 0 148.01174887676345
1 1 -470.71707700808867
1 2 137.27040752614985
1 3 136.53306048430716
1 4 450.72644558898133
1 5 122.1455575378081
1 6 136.31974393229328
1 7 119.64850585225761
1 8 100.15830360883602
1 9 142.32727023032007
