## ListNet
## Epochs = 1500
## No. of features = 44
1 2 3 4 5 6 7 8 9 10 11 12 13 14 15 16 17 18 19 20 21 22 23 24 25 26 27 28 29 30 31 32 33 34 35 36 37 38 39 40 41 42 43 44
0
0 0 0.0471353342862261
0 1 0.04950946990693487
0 2 -0.051319410491089595
0 3 -0.010051182390166256
0 4 0.07227137069707686
0 5 0.035859233914911616
0 6 -0.09617071780099382
0 7 0.09771369343216724
0 8 0.007766252786320907
0 9 -0.06285402576712479
0 10 -0.0710304175330729
0 11 0.08471216084105486
0 12 0.039344539285975345
0 13 -0.028181373656421226
0 14 0.08157110303712121
0 15 0.00785683578488932
0 16 -0.025579138358754125
0 17 -0.012792968912318773
0 18 -0.003865600799582955
0 19 -0.045058036753470344
0 20 0.006386690122330876
0 21 0.06120468559785353
0 22 -0.05286242198540012
0 23 0.08245528322969728
0 24 0.026213212484823552
0 25 -0.10015828312690261
0 26 0.04961601950321302
0 27 0.018834567821033717
0 28 -0.021848210465528713
0 29 0.08502290116975025
0 30 0.017844501881490688
0 31 -0.07636729613495928
0 32 0.018406478864282528
0 33 -0.09180048330456689
0 34 0.02420460506687828
0 35 -0.019856290212337972
0 36 -0.056456145295773204
0 37 0.013376646495550632
0 38 -0.011394777298564482
0 39 -0.12058049489822074
0 40 0.00618896314801935
0 41 -0.10991812653663746
0 42 -0.11362296887979756
0 43 -0.06247250001682428
0 44 -0.08545137196777176
