## ListNet
## Epochs = 1500
## No. of features = 44
1 2 3 4 5 6 7 8 9 10 11 12 13 14 15 16 17 18 19 20 21 22 23 24 25 26 27 28 29 30 31 32 33 34 35 36 37 38 39 40 41 42 43 44
0
0 0 0.028368860656921374
0 1 -0.07920457594775906
0 2 -0.07629719138810306
0 3 -0.119989037196165
0 4 -0.020365919844346023
0 5 0.10019385590520608
0 6 0.01464862099105224
0 7 0.09814999090987758
0 8 0.028817129075342594
0 9 -0.10012104576706096
0 10 0.0794304514765257
0 11 0.07838794248390499
0 12 -0.029593137776726768
0 13 0.03965383137889127
0 14 0.08873071213959574
0 15 0.026635486646956065
0 16 0.07108007123716448
0 17 0.13371312093981846
0 18 0.0269431366791421
0 19 0.0358541677357702
0 20 0.09513705425294323
0 21 -0.07571684483044236
0 22 -0.03148811455344581
0 23 -0.08273599767471089
0 24 0.07085980047449987
0 25 -0.09965975324530355
0 26 -0.019353210093286576
0 27 0.01461693371213852
0 28 -0.023623768915303284
0 29 -0.06362247323117518
0 30 -0.0031859599547679088
0 31 -0.004608988083615065
0 32 0.13436222517971472
0 33 -0.06193692696781099
0 34 -0.06908377080018754
0 35 -0.08803651700649007
0 36 0.1326716957007803
0 37 0.09529011264646718
0 38 0.008218771310181946
0 39 0.013422394376249026
0 40 -0.004436945068608724
0 41 -0.051970512606154165
0 42 0.051181268169859434
0 43 -0.02228392139819217
0 44 -0.09121409058571066
