## RankNet
## Epochs = 100
## No. of features = 44
## No. of hidden layers = 1
## Layer 1: 10 neurons
1 2 3 4 5 6 7 8 9 10 11 12 13 14 15 16 17 18 19 20 21 22 23 24 25 26 27 28 29 30 31 32 33 34 35 36 37 38 39 40 41 42 43 44
1
10
0 0 2753.4161849500874 -19428.478387985135 -3612.1731157955505 -2591904.4553246237 8176.954639857811 -10792.229071218206 183707.95845943832 -2.412103854827608E9 10214.991821841459 2471.7931848752464
0 1 943339.0612765541 -700.1162220725105 5386171.479256857 -2.075632963402717E8 -27563.023248290796 573732.8240887106 8.093028973441936E7 -8.051599133577618E9 138560.51424872657 3235992.254847116
0 2 187494.62211953694 42949.54603704269 974898.5534569502 -4.094449780189919E7 24673.792174506383 131996.82613968998 1.4861654884525616E7 -6.879976947905449E9 27696.181050691364 594521.9879234509
0 3 832297.6144924524 79930.08073384085 4559292.324524285 -1.7444339183591452E8 55240.738731840785 538076.2262916969 6.92496277888301E7 -4.77235023861802E9 132226.95716746373 2752097.295138384
0 4 -758506.0949497961 -110195.59711659398 -4093440.802297558 1.5415363481946883E8 -66715.09173150384 -507511.99459176615 -6.236493854418865E7 1.5791819567922318E9 -116731.17316050062 -2474128.369098368
0 5 -2282012.2650941145 -274500.6269960277 -1.2384788196059216E7 4.716040041354414E8 -185609.50915170106 -1497420.869149745 -1.8875535430741426E8 9.848194992915623E9 -361467.29245831183 -7483346.623074854
0 6 -153824.24706682016 -10901.623042221114 -853116.8313170358 3.2583321247621655E7 -6399.292236938931 -98056.26997798505 -1.2945566804072406E7 6.920896968331527E8 -23926.53043968807 -513915.8012258672
0 7 -57707.97371611357 -6934.995254583346 -313249.22369955864 1.0579880487757657E7 -6172.762051826065 -37906.26192734747 -4834798.564046145 -1.814343038074322E9 -9663.644399126792 -188811.96358797367
0 8 -1826163.9872288813 -249286.0448200172 -9873698.419345995 3.75343885410923E8 -154033.69433894003 -1214161.2875561025 -1.5040493277203822E8 7.195223378757629E9 -282922.20450321963 -5968928.036409026
0 9 596996.0089544165 82135.30159499553 3227513.0040953257 -1.230213116294704E8 48825.42399246032 396756.5721302382 4.915813107885471E7 -3.340669399752526E9 92138.58082014554 1951785.2677488478
0 10 250358.76960999786 33525.658463512824 1356335.4224429566 -5.167826053907763E7 19704.272284009676 166209.66158595882 2.0644560819592882E7 -1.3893044517877867E9 38518.85797893236 819828.0204719031
0 11 514.1334489334387 -173.86836731436273 3314.652757908107 -131176.20130596182 -108.15585279614729 238.95460625149502 49012.964952473376 -3148434.4664348047 87.71133492943717 1943.1121971744622
0 12 -10622.041494272045 -2506.3696188063077 -55196.64707298714 2084923.5908293435 -1508.755938651872 -7560.335891735957 -848133.407838559 5.153998673276142E7 -1631.2309802541104 -33607.52842861725
0 13 -18489.222808735183 -3618.059876359432 -98412.44964368525 3737999.988067199 -1947.6140649212077 -12902.567399778436 -1504797.474005057 1.0291509031810191E8 -2747.7974249725567 -59613.472241508156
0 14 -19145.433458874715 -3513.527015538524 -101309.36531433334 3845083.597752011 -2157.0253272284385 -13078.683992815431 -1549639.6619631662 9.923149226568268E7 -2976.1071998447464 -61531.13701860187
0 15 592577.4468266916 59343.38446912364 3253355.7305096425 -1.24393891741366E8 26936.79734646944 383744.9887319309 4.930992427630837E7 -3.9494800429843974E9 89465.57332907621 1965333.2258750245
0 16 -363147.6176471856 -51926.59598525362 -1942585.2911158397 7.315182490944746E7 -44026.43049410474 -243895.34575755222 -2.9642099085850626E7 5.541860487382734E8 -58674.2102681568 -1170821.1336724535
0 17 -1186291.9225505828 -137229.69229736063 -6449820.450215674 2.4560071693279934E8 -97400.42269914321 -776340.3606713781 -9.820526330305238E7 5.587537838897511E9 -189559.38507594922 -3894474.8306512684
0 18 -931237.1352652828 -101714.43251115152 -5062928.223655223 1.9274980447154748E8 -78592.47290528797 -604634.1663602254 -7.710339894836295E7 4.322732551792889E9 -152010.58242530646 -3058249.9049521256
0 19 -1254397.1611989664 -145712.47818517816 -6819314.621409236 2.5966637214113468E8 -103157.31262150664 -821225.2112057012 -1.0383315827074286E8 5.926939470292357E9 -200329.2248973228 -4117629.8981547146
0 20 -1182970.8564374035 -137432.64310223068 -6430779.061642102 2.4487091644305462E8 -97366.996597969 -774407.4681714992 -9.791757304893644E7 5.580379428347905E9 -188975.8442348926 -3883089.3188956035
0 21 -28162.17558192573 2009.5569008866912 -156509.7022132026 5951911.476975327 -4267.580713500986 -14742.865789980631 -2386870.9955008957 2.5411036017160766E7 -6843.677543209809 -94218.03998729824
0 22 641262.641204394 92021.98991435749 3458211.281418253 -1.3178940999712723E8 54197.65665823701 427516.13895599585 5.269968036067957E7 -3.62187276470801E9 98813.03628744563 2092606.370146403
0 23 368324.90290694596 54721.85390748782 1987955.3017378754 -7.620257177287541E7 29639.216818979738 247271.76627881054 3.0265681533120982E7 -2.7775344987192516E9 55534.21177495551 1202421.2776309336
0 24 20308.536743774654 2914.5854637815787 109873.68167878671 -4187494.5845476757 1554.5394796907572 13594.178428050445 1671730.6175693064 -1.1694771297472525E8 3048.5647915996074 66429.23127236361
0 25 66422.85209514995 36577.77397924323 317158.10256816697 -1.2052177487995325E7 8519.625073237432 58694.9407314382 4933009.735541416 -5.0599775389040434E8 4110.210591135182 197106.9885016987
0 26 368572.59669619973 23091.31323249189 2052048.2980822253 -7.908071199824785E7 16316.081229189562 233261.9337202074 3.106113550325692E7 -2.156968524235877E9 58787.84210302605 1234731.199428243
0 27 144520.93265450269 23338.66584254018 779521.9967371348 -2.9715552218219247E7 10266.967641623625 98567.87332481152 1.1856166110589411E7 -8.433212871097869E8 20729.850145677083 471533.82421570143
0 28 164753.48735650766 24015.47235373657 889655.504508308 -3.387859885801147E7 13579.350700731633 110098.24291438115 1.3545250743400501E7 -9.26112933805282E8 25107.367417447076 538130.6799834982
0 29 73285.09768740289 14658.171088995383 388900.22847589356 -1.4791275981363118E7 6835.111088332075 50884.415418409706 5936802.712153224 -4.3418674959764475E8 10530.490854183052 236104.15499271915
0 30 -1044568.223424043 -117330.02557467317 -5595377.4364684755 2.1194380890106007E8 -137641.11398682272 -667284.067485544 -8.571639143958619E7 3.385957349103647E9 -191573.56029273185 -3387872.248151071
0 31 -627109.4086603328 -93794.01490668581 -3306476.72546791 1.2486943989652814E8 -96760.50825799254 -411526.37898131565 -5.095846585069064E7 1.57360126730207E9 -114482.9634757811 -2006923.199167165
0 32 -952657.8851869028 -128143.6539577391 -5055329.28265872 1.911486987400571E8 -138316.12586655945 -618454.1944621336 -7.772033416386148E7 2.67245675952123E9 -174238.60559788812 -3065345.6236901795
0 33 -108535.97913230126 -9196.251544661709 -558268.6741127311 2.069305593052773E7 -30871.57275419233 -63629.71186480419 -8738730.893875306 -3.728574961221032E8 -28232.645427288535 -340153.6370887647
0 34 20464.860700067933 -2781.3854972378886 143337.76485354317 -5884794.515197239 -13974.728238886762 13916.649882395324 1950939.605283805 -8.020838290245091E8 -2375.1868536007864 83603.88920130406
0 35 -19371.37876252984 -6053.769924580984 -62434.79807455408 1755525.6206669086 -24853.579661795022 -9481.377520181908 -1263387.4426345865 -9.190124109875692E8 -12561.717306550267 -41688.19144881624
0 36 -1019394.6317270441 -121022.7921205806 -5455252.8329738695 2.0653055462887287E8 -135060.28664768478 -655090.0275145433 -8.357719870403954E7 3.1545847835808296E9 -185215.56129519624 -3302804.7700767834
0 37 -419320.17523441865 -58593.75880324405 -2220929.1159940227 8.380262763813621E7 -62183.83656990028 -274106.5239780458 -3.4246680051848345E7 8.434744163825599E8 -76526.15251247563 -1346631.9274801721
0 38 -672364.2298691379 -87897.11678578689 -3577015.41168832 1.3516614992139736E8 -95154.61032444594 -436330.75042352994 -5.5004095486988336E7 1.6645724049161077E9 -122473.73787157715 -2167487.4085836015
0 39 -721082.1478505927 -95256.94450296205 -3840638.3898387523 1.449203040534731E8 -96908.1179239773 -468974.7205639319 -5.884003998628599E7 1.6239880064642591E9 -128384.78251985011 -2327576.2071939316
0 40 -195512.7511548205 -77097.14591058288 -943489.8502823698 3.37117807465179E7 -51998.182998845325 -148558.0144017278 -1.4763290698151287E7 -1.92721375849172E9 -32373.89509507525 -581037.8262346908
0 41 -312233.88540934 -96629.51527200482 -1559077.4119739141 5.722204685250433E7 -69857.72841376535 -226511.76261081838 -2.4244498790554535E7 -1.2417125411535354E9 -52848.74395283012 -954307.2666466354
0 42 -495795.55908678775 -146332.95110473875 -2510978.7841608315 9.374115396193542E7 -100322.82992464026 -361089.49304030044 -3.888806461819741E7 1.0478557563263944E8 -80532.4324033493 -1531471.0329643996
0 43 -155438.4864429727 -117354.82222481939 -675234.2308076891 2.3429694723370664E7 -55080.25918795275 -146420.57736832584 -1.0622586255394857E7 -1.9291461059050372E9 -15524.163552624132 -422288.7044582946
0 44 -1578.040550556912 -119.62486022622821 -9524.96785355812 -1660185.4563379386 116.18491405838799 -1012.1754828318101 -193223.41647403364 -3.0689422137727575E9 -236.10697911852338 -5479.6321874255655 233.25216121301773
1 0 -26.881757557524068
1 1 -1.5441319514622538
1 2 -163.62515482709586
1 3 8480.69714613844
1 4 -4.809754093217018
1 5 -17.14913495850657
1 6 -2300.620646428827
1 7 339073.5492156588
1 8 -4.167278870723318
1 9 -90.03758088903498
